0 72.6101 -0.322802 -4.54551
0.01 72.6069 -0.368258 -4.41665
0.02 72.6032 -0.412424 -4.28013
0.03 72.5991 -0.455225 -4.13618
0.04 72.5945 -0.496587 -3.98516
0.05 72.5895 -0.536439 -3.82757
0.06 72.5842 -0.574714 -3.66405
0.07 72.5784 -0.611355 -3.4954
0.08 72.5723 -0.646309 -3.32256
0.09 72.5658 -0.679535 -3.14661
0.1 72.559 -0.711001 -2.96885
0.11 72.5519 -0.740689 -2.79073
0.12 72.5445 -0.768596 -2.61395
0.13 72.5368 -0.794736 -2.44046
0.14 72.5289 -0.819141 -2.27258
0.15 72.5207 -0.841866 -2.113
0.16 72.5123 -0.862996 -1.96503
0.17 72.5037 -0.882647 -1.83268
0.18 72.4948 -0.900973 -1.72101
0.19 72.4858 -0.918184 -1.63646
0.2 72.4766 -0.934548 -1.58626
0.21 72.4673 -0.950411 -1.57493
0.22 72.4578 -0.96616 -1.60653
0.23 72.4481 -0.982225 -1.68502
0.24 72.4383 -0.999076 -1.81286
0.25 72.4283 -1.0172 -1.98695
0.26 72.4181 -1.03707 -2.18896
0.27 72.4078 -1.05896 -2.36516
0.28 72.3972 -1.08261 -2.39795
0.29 72.3864 -1.10659 -2.12243
0.3 72.3753 -1.12782 1.70391
0.31 72.364 -1.11078 2.1515
0.32 72.3529 -1.08926 2.63942
0.33 72.342 -1.06287 3.15149
0.34 72.3314 -1.03136 3.65881
0.35 72.3211 -0.994767 4.11564
0.36 72.3111 -0.953611 4.45487
0.37 72.3016 -0.909062 4.58339
0.38 72.2925 -0.863228 4.37873
0.39 72.2839 -0.819441 3.68739
0.4 72.2757 -0.782567 2.32473
0.41 72.2678 -0.75932 0.0767692
0.42 72.2603 -0.758552 -3.29552
0.43 72.2527 -0.791507 -8.049
0.44 72.2448 -0.871997 -14.4486
0.45 72.236 -1.01648 -22.7557
0.46 72.2259 -1.24404 -33.2148
0.47 72.2134 -1.57619 -46.0422
0.48 72.1977 -2.03661 -61.4139
0.49 72.1773 -2.65075 -79.4561
0.5 72.1508 -3.44531 -100.248
0.51 72.1163 -4.44779 -123.866
0.52 72.0719 -5.68645 -150.344
0.53 72.015 -7.18989 -179.661
0.54 71.9431 -8.9865 -211.725
0.55 71.8532 -11.1038 -246.371
0.56 71.7422 -13.5675 -283.349
0.57 71.6065 -16.401 -322.326
0.58 71.4425 -19.6242 -362.89
0.59 71.2463 -23.2531 -404.569
0.6 71.0137 -27.2988 -446.855
0.61 70.7407 -31.7674 -489.228
0.62 70.4231 -36.6596 -531.179
0.63 70.0565 -41.9714 -572.223
0.64 69.6368 -47.6937 -611.906
0.65 69.1598 -53.8127 -649.799
0.66 68.6217 -60.3107 -685.499
0.67 68.0186 -67.1657 -718.613
0.68 67.3469 -74.3518 -748.757
0.69 66.6034 -81.8394 -775.546
0.7 65.785 -89.5948 -798.6
0.71 64.8891 -97.5808 -817.545
0.72 63.9133 -105.756 -832.029
0.73 62.8557 -114.077 -841.734
0.74 61.7149 -122.494 -846.39
0.75 60.49 -130.958 -845.782
0.76 59.1804 -139.416 -839.753
0.77 57.7863 -147.813 -828.2
0.78 56.3081 -156.095 -811.062
0.79 54.7472 -164.206 -788.311
0.8 53.1051 -172.089 -759.938
0.81 51.3842 -179.688 -725.957
0.82 49.5874 -186.948 -686.398
0.83 47.7179 -193.812 -641.325
0.84 45.7798 -200.225 -590.851
0.85 43.7775 -206.134 -535.162
0.86 41.7162 -211.485 -474.541
0.87 39.6013 -216.231 -409.383
0.88 37.439 -220.324 -340.199
0.89 35.2358 -223.726 -267.604
0.9 32.9985 -226.402 -192.302
0.91 30.7345 -228.325 -115.059
0.92 28.4512 -229.476 -36.6759
0.93 26.1565 -229.843 42.033
0.94 23.858 -229.423 120.263
0.95 21.5638 -228.22 197.237
0.96 19.2816 -226.248 272.221
0.97 17.0191 -223.525 344.534
0.98 14.7839 -220.08 413.558
0.99 12.5831 -215.944 478.744
1 10.4236 -211.157 539.623
1.01 8.31207 -205.761 595.809
1.02 6.25446 -199.803 647.003
1.03 4.25643 -193.333 692.991
1.04 2.32311 -186.403 733.645
1.05 0.459082 -179.066 768.919
1.06 -1.33158 -171.377 798.84
1.07 -3.04535 -163.389 823.504
1.08 -4.67924 -155.154 843.06
1.09 -6.23077 -146.723 857.702
1.1 -7.698 -138.146 867.652
1.11 -9.07946 -129.469 873.143
1.12 -10.3742 -120.738 874.414
1.13 -11.5815 -111.994 871.7
1.14 -12.7015 -103.277 865.23
1.15 -13.7342 -94.6246 855.226
1.16 -14.6805 -86.0723 841.908
1.17 -15.5412 -77.6532 825.511
1.18 -16.3177 -69.3981 806.288
1.19 -17.0117 -61.3353 784.523
1.2 -17.6251 -53.49 760.526
1.21 -18.16 -45.8848 734.627
1.22 -18.6188 -38.5385 707.161
1.23 -19.0042 -31.4669 678.454
1.24 -19.3189 -24.6823 648.814
1.25 -19.5657 -18.1942 618.524
1.26 -19.7476 -12.009 587.837
1.27 -19.8677 -6.1306 556.978
1.28 -19.929 -0.560823 526.149
1.29 -19.9347 4.70067 495.534
1.3 -19.8876 9.656 465.301
1.31 -19.7911 14.309 435.608
1.32 -19.648 18.6651 406.598
1.33 -19.4613 22.7311 378.397
1.34 -19.234 26.515 351.1
1.35 -18.9689 30.026 324.765
1.36 -18.6686 33.2737 299.403
1.37 -18.3359 36.2677 274.978
1.38 -17.9732 39.0175 251.408
1.39 -17.583 41.5316 228.578
1.4 -17.1677 43.8174 206.349
1.41 -16.7295 45.8809 184.577
1.42 -16.2707 47.7266 163.124
1.43 -15.7935 49.3579 141.883
1.44 -15.2999 50.7767 120.781
1.45 -14.7921 51.9845 99.7865
1.46 -14.2723 52.9824 78.9021
1.47 -13.7425 53.7714 58.1559
1.48 -13.2047 54.353 37.5905
1.49 -12.6612 54.7289 17.256
1.5 -12.1139 54.9014 -2.79246
1.51 -11.5649 54.8735 -22.4949
1.52 -11.0162 54.6485 -41.7855
1.53 -10.4697 54.2307 -60.5908
1.54 -9.92738 53.6248 -78.8286
1.55 -9.39113 52.8365 -96.4086
1.56 -8.86277 51.8724 -113.235
1.57 -8.34404 50.7401 -129.212
1.58 -7.83664 49.4479 -144.246
1.59 -7.34216 48.0055 -158.248
1.6 -6.86211 46.423 -171.138
1.61 -6.39788 44.7116 -182.841
1.62 -5.95076 42.8832 -193.279
1.63 -5.52193 40.9504 -202.371
1.64 -5.11243 38.9267 -210.03
1.65 -4.72316 36.8264 -216.162
1.66 -4.3549 34.6648 -220.668
1.67 -4.00825 32.4581 -223.455
1.68 -3.68367 30.2236 -224.445
1.69 -3.38143 27.9791 -223.589
1.7 -3.10164 25.7432 -220.875
1.71 -2.84421 23.5345 -216.344
1.72 -2.60886 21.371 -210.084
1.73 -2.39515 19.2702 -202.234
1.74 -2.20245 17.2478 -192.969
1.75 -2.02997 15.3182 -182.491
1.76 -1.87679 13.4932 -171.016
1.77 -1.74186 11.7831 -158.763
1.78 -1.62403 10.1955 -145.946
1.79 -1.52207 8.73599 -132.77
1.8 -1.43471 7.4083 -119.427
1.81 -1.36063 6.21403 -106.102
1.82 -1.29849 5.15301 -92.9698
1.83 -1.24696 4.22331 -80.2011
1.84 -1.20473 3.4213 -67.9587
1.85 -1.17051 2.74172 -56.3966
1.86 -1.1431 2.17775 -45.6541
1.87 -1.12132 1.72121 -35.8477
1.88 -1.10411 1.36273 -27.0636
1.89 -1.09048 1.09209 -19.3508
1.9 -1.07956 0.898587 -12.7185
1.91 -1.07057 0.771402 -7.13689
1.92 -1.06286 0.700033 -2.54251
1.93 -1.05586 0.674608 1.15393
1.94 -1.04911 0.686147 4.05714
1.95 -1.04225 0.726719 6.27637
1.96 -1.03498 0.789482 7.9159
1.97 -1.02709 0.868641 9.06878
1.98 -1.0184 0.959329 9.81464
1.99 -1.00881 1.05748 10.2207
2 -0.998234 1.15968 10.3442
2.01 -0.986637 1.26312 10.2348
2.02 -0.974006 1.36547 9.93607
2.03 -0.960352 1.46483 9.48676
2.04 -0.945703 1.5597 8.92128
2.05 -0.930106 1.64891 8.27
2.06 -0.913617 1.73161 7.55929
2.07 -0.896301 1.80721 6.81169
2.08 -0.878229 1.87532 6.04618
2.09 -0.859476 1.93579 5.27814
2.1 -0.840118 1.98857 4.51913
2.11 -0.820232 2.03376 3.77685
2.12 -0.799894 2.07153 3.05534
2.13 -0.779179 2.10208 2.35536
2.14 -0.758158 2.12563 1.67501
2.15 -0.736902 2.14238 1.01025
2.16 -0.715478 2.15249 0.355558
2.17 -0.693953 2.15604 -0.295474
2.18 -0.672393 2.15309 -0.949555
2.19 -0.650862 2.14359 -1.61314
2.2 -0.629426 2.12746 -2.29186
2.21 -0.608152 2.10454 -2.98991
2.22 -0.587106 2.07464 -3.70943
2.23 -0.56636 2.03755 -4.44992
2.24 -0.545984 1.99305 -5.20765
2.25 -0.526054 1.94097 -5.97528
2.26 -0.506644 1.88122 -6.74162
2.27 -0.487832 1.8138 -7.49163
2.28 -0.469694 1.73889 -8.20692
2.29 -0.452305 1.65682 -8.86649
2.3 -0.435737 1.56815 -9.44812
2.31 -0.420055 1.47367 -9.93015
2.32 -0.405318 1.37437 -10.2935
2.33 -0.391575 1.27144 -10.524
2.34 -0.37886 1.1662 -10.6135
2.35 -0.367198 1.06006 -10.5605
2.36 -0.356598 0.954456 -10.3699
2.37 -0.347053 0.850757 -10.0514
2.38 -0.338546 0.750243 -9.6184
2.39 -0.331043 0.654059 -9.08624
2.4 -0.324503 0.563196 -8.47153
2.41 -0.318871 0.478481 -7.7913
2.42 -0.314086 0.400568 -7.06266
2.43 -0.31008 0.329941 -6.30274
2.44 -0.306781 0.266914 -5.5287
2.45 -0.304112 0.211627 -4.75783
2.46 -0.301995 0.164049 -4.00742
2.47 -0.300355 0.123974 -3.29436
2.48 -0.299115 0.0910307 -2.63445
2.49 -0.298205 0.0646862 -2.04136
2.5 -0.297558 0.0442726 -1.52552
2.51 -0.297115 0.0290174 -1.09324
2.52 -0.296825 0.018085 -0.746053
2.53 -0.296644 0.0106245 -0.480577
2.54 -0.296538 0.00581869 -0.28897
2.55 -0.29648 0.00292899 -0.159875
2.56 -0.296451 0.00133024 -0.0798576
2.57 -0.296437 0.000531665 -0.035106
2.58 -0.296432 0.000180606 -0.0131074
2.59 -0.29643 4.95315e-05 -0.00394284
2.6 -0.29643 1.01032e-05 -0.000877567
2.61 -0.29643 1.32749e-06 -0.000124564
2.62 -0.29643 8.18452e-08 -8.18452e-06
2.63 -0.29643 0 0
2.64 -0.29643 0 0
2.65 -0.29643 0 0
2.66 -0.29643 0 0
2.67 -0.29643 0 0
2.68 -0.29643 0 0
2.69 -0.29643 0 0
2.7 -0.29643 0 0
2.71 -0.29643 0 0
2.72 -0.29643 0 0
2.73 -0.29643 0 0
2.74 -0.29643 0 0
2.75 -0.29643 0 0
2.76 -0.29643 0 0
2.77 -0.29643 0 0
2.78 -0.29643 0 0
2.79 -0.29643 0 0
2.8 -0.29643 0 0
2.81 -0.29643 0 0
2.82 -0.29643 0 0
2.83 -0.29643 0 0
2.84 -0.29643 0 0
2.85 -0.29643 0 0
2.86 -0.29643 0 7.60409e-07
2.87 -0.29643 7.60409e-09 3.00345e-05
2.88 -0.29643 3.07949e-07 0.000335068
2.89 -0.29643 3.65863e-06 0.00196898
2.9 -0.296429 2.33484e-05 0.0077242
2.91 -0.296429 0.00010059 0.0230958
2.92 -0.296428 0.000331549 0.0568128
2.93 -0.296425 0.000899676 0.123853
2.94 -0.296416 0.00213821 0.251628
2.95 -0.296395 0.00465449 0.463636
2.96 -0.296348 0.00929085 0.771952
2.97 -0.296255 0.0170104 1.17792
2.98 -0.296085 0.0287896 1.67486
2.99 -0.295797 0.0455382 2.25074
3 -0.295342 0.0680456 2.88018
3.01 -0.294661 0.0968474 3.50345
3.02 -0.293693 0.131882 4.06926
3.03 -0.292374 0.172574 4.54336
3.04 -0.290648 0.218008 4.90533
3.05 -0.288468 0.267061 5.14572
3.06 -0.285798 0.318519 5.26362
3.07 -0.282612 0.371155 5.26455
3.08 -0.278901 0.4238 6.27738
3.09 -0.274663 0.486574 5.094
3.1 -0.269797 0.537514 4.20708
3.11 -0.264422 0.579585 3.62012
3.12 -0.258626 0.615786 3.24893
3.13 -0.252468 0.648275 3.01906
3.14 -0.245985 0.678466 2.88133
3.15 -0.239201 0.707279 2.80565
3.16 -0.232128 0.735336 2.77353
3.17 -0.224775 0.763071 2.7732
3.18 -0.217144 0.790803 2.79666
3.19 -0.209236 0.81877 2.83814
3.2 -0.201048 0.847151 2.89318
3.21 -0.192577 0.876083 2.95806
3.22 -0.183816 0.905664 3.02941
3.23 -0.174759 0.935958 3.10381
3.24 -0.1654 0.966996 3.177
3.25 -0.15573 0.998766 3.24475
3.26 -0.145742 1.03121 3.30332
3.27 -0.13543 1.06425 3.34947
3.28 -0.124787 1.09774 3.38034
3.29 -0.11381 1.13154 3.3934
3.3 -0.102495 1.16548 3.38709
3.31 -0.0908398 1.19935 3.36309
3.32 -0.0788463 1.23298 3.32386
3.33 -0.0665165 1.26622 3.2718
3.34 -0.0538543 1.29894 3.20932
3.35 -0.0408649 1.33103 3.13882
3.36 -0.0275546 1.36242 3.06269
3.37 -0.0139305 1.39305 2.98332
3.38 0 1.42288 2.98332
