0 -35.2555 0 0
0.01 -35.2555 0 0
0.02 -35.2555 0 0
0.03 -35.2555 0 0
0.04 -35.2555 0 0
0.05 -35.2555 0 0
0.06 -35.2555 0 0
0.07 -35.2555 0 0
0.08 -35.2555 0 0
0.09 -35.2555 0 0
0.1 -35.2555 0 0
0.11 -35.2555 0 0
0.12 -35.2555 0 0
0.13 -35.2555 0 0
0.14 -35.2555 0 0
0.15 -35.2555 0 0
0.16 -35.2555 0 0
0.17 -35.2555 0 0
0.18 -35.2555 0 0
0.19 -35.2555 0 0
0.2 -35.2555 0 0
0.21 -35.2555 0 0
0.22 -35.2555 0 0
0.23 -35.2555 0 0
0.24 -35.2555 0 0
0.25 -35.2555 0 0
0.26 -35.2555 0 0
0.27 -35.2555 0 0
0.28 -35.2555 0 0
0.29 -35.2555 0 0
0.3 -35.2555 0 0
0.31 -35.2555 0 0
0.32 -35.2555 0 0.16092
0.33 -35.2555 0.0016092 1.17839
0.34 -35.2555 0.0133931 3.66733
0.35 -35.2554 0.0500665 8.02075
0.36 -35.2549 0.130274 14.4442
0.37 -35.2536 0.274716 22.9891
0.38 -35.2508 0.504608 33.5825
0.39 -35.2458 0.840432 46.0524
0.4 -35.2374 1.30096 60.1491
0.41 -35.2244 1.90245 75.562
0.42 -35.2054 2.65807 91.9334
0.43 -35.1788 3.5774 108.871
0.44 -35.143 4.66611 125.96
0.45 -35.0963 5.92572 142.778
0.46 -35.0371 7.3535 158.908
0.47 -34.9636 8.94257 173.96
0.48 -34.8741 10.6822 187.592
0.49 -34.7673 12.5581 199.528
0.5 -34.6417 14.5534 209.575
0.51 -34.4962 16.6491 217.637
0.52 -34.3297 18.8255 223.713
0.53 -34.1414 21.0626 227.895
0.54 -33.9308 23.3416 230.355
0.55 -33.6974 25.6451 231.324
0.56 -33.441 27.9584 231.079
0.57 -33.1614 30.2691 229.926
0.58 -32.8587 32.5684 228.182
0.59 -32.533 34.8502 226.163
0.6 -32.1845 37.1119 224.18
0.61 -31.8134 39.3537 222.528
0.62 -31.4198 41.5789 221.438
0.63 -31.004 43.7933 220.949
0.64 -30.5661 46.0028 221.005
0.65 -30.1061 48.2128 221.485
0.66 -29.624 50.4277 222.201
0.67 -29.1197 52.6497 222.903
0.68 -28.5932 54.8787 223.282
0.69 -28.0444 57.1116 222.984
0.7 -27.4733 59.3414 221.628
0.71 -26.8799 61.5577 218.822
0.72 -26.2643 63.7459 214.193
0.73 -25.6268 65.8878 207.406
0.74 -24.968 67.9619 198.19
0.75 -24.2883 69.9438 186.356
0.76 -23.5889 71.8074 171.813
0.77 -22.8708 73.5255 154.58
0.78 -22.1356 75.0713 134.785
0.79 -21.3849 76.4191 112.674
0.8 -20.6207 77.5459 88.594
0.81 -19.8452 78.4318 62.9926
0.82 -19.0609 79.0617 36.3991
0.83 -18.2703 79.4257 9.40875
0.84 -17.476 79.5198 -17.3387
0.85 -16.6808 79.3464 -43.1881
0.86 -15.8873 78.9145 -67.5057
0.87 -15.0982 78.2395 -89.7259
0.88 -14.3158 77.3422 -109.408
0.89 -13.5424 76.2482 -126.304
0.9 -12.7799 74.9851 -140.436
0.91 -12.0301 73.5808 -152.189
0.92 -11.2942 72.0589 -162.212
0.93 -10.5737 70.4367 -170.765
0.94 -9.86929 68.7291 -178.02
0.95 -9.182 66.9489 -184.19
0.96 -8.51251 65.107 -189.521
0.97 -7.86144 63.2118 -194.267
0.98 -7.22932 61.2691 -198.677
0.99 -6.61663 59.2823 -202.968
1 -6.02381 57.2527 -207.308
1.01 -5.45128 55.1796 -211.801
1.02 -4.89949 53.0616 -216.484
1.03 -4.36887 50.8967 -221.318
1.04 -3.8599 48.6835 -226.199
1.05 -3.37307 46.4216 -230.968
1.06 -2.90885 44.1119 -235.429
1.07 -2.46773 41.7576 -239.366
1.08 -2.05016 39.3639 -242.564
1.09 -1.65652 36.9383 -244.816
1.1 -1.28714 34.4901 -245.941
1.11 -0.942234 32.0307 -245.782
1.12 -0.621927 29.5729 -244.211
1.13 -0.326198 27.1308 -241.135
1.14 -0.0548899 24.7194 -236.495
1.15 0.192304 22.3545 -230.273
1.16 0.415849 20.0518 -222.499
1.17 0.616367 17.8268 -213.249
1.18 0.794635 15.6943 -202.651
1.19 0.951578 13.6678 -190.878
1.2 1.08826 11.759 -178.145
1.21 1.20585 9.97755 -164.693
1.22 1.30562 8.33062 -150.78
1.23 1.38893 6.82282 -136.664
1.24 1.45716 5.45618 -122.596
1.25 1.51172 4.23022 -108.802
1.26 1.55402 3.1422 -95.4861
1.27 1.58544 2.18734 -82.8204
1.28 1.60731 1.35914 -70.9469
1.29 1.62091 0.649669 -59.976
1.3 1.6274 0.0499086 -49.9882
1.31 1.6279 -0.449974 -41.0343
1.32 1.6234 -0.860317 -33.1371
1.33 1.6148 -1.19169 -26.2912
1.34 1.60288 -1.4546 -20.4646
1.35 1.58834 -1.65925 -15.6
1.36 1.57174 -1.81524 -11.6175
1.37 1.55359 -1.93142 -8.41883
1.38 1.53428 -2.01561 -5.89204
1.39 1.51412 -2.07453 -3.91815
1.4 1.49338 -2.11371 -2.37837
1.41 1.47224 -2.13749 -1.16139
1.42 1.45086 -2.14911 -0.16948
1.43 1.42937 -2.1508 0.677556
1.44 1.40786 -2.14403 1.44071
1.45 1.38642 -2.12962 2.16224
1.46 1.36513 -2.108 2.86734
1.47 1.34405 -2.07932 3.56632
1.48 1.32325 -2.04366 4.25697
1.49 1.30282 -2.00109 4.927
1.5 1.28281 -1.95182 5.55699
1.51 1.26329 -1.89625 6.12328
1.52 1.24433 -1.83502 6.60046
1.53 1.22598 -1.76901 6.96326
1.54 1.20829 -1.69938 7.18827
1.55 1.19129 -1.6275 7.25553
1.56 1.17502 -1.55494 7.15005
1.57 1.15947 -1.48344 6.86326
1.58 1.14463 -1.41481 6.39413
1.59 1.13049 -1.35087 5.74961
1.6 1.11698 -1.29337 4.94434
1.61 1.10404 -1.24393 3.9996
1.62 1.0916 -1.20393 2.94178
1.63 1.07956 -1.17452 1.80091
1.64 1.06782 -1.15651 0.60932
1.65 1.05625 -1.15041 -0.599416
1.66 1.04475 -1.15641 -1.79133
1.67 1.03319 -1.17432 -2.93282
1.68 1.02144 -1.20365 -3.99156
1.69 1.00941 -1.24356 -4.9375
1.7 0.996971 -1.29294 -5.74418
1.71 0.984041 -1.35038 -6.3903
1.72 0.970537 -1.41428 -6.86114
1.73 0.956395 -1.4829 -7.14965
1.74 0.941566 -1.55439 -7.2568
1.75 0.926022 -1.62696 -7.1911
1.76 0.909752 -1.69887 -6.96746
1.77 0.892763 -1.76855 -6.6058
1.78 0.875078 -1.8346 -6.12952
1.79 0.856732 -1.8959 -5.56386
1.8 0.837773 -1.95154 -4.93428
1.81 0.818258 -2.00088 -4.2647
1.82 0.798249 -2.04353 -3.57582
1.83 0.777813 -2.07929 -2.88368
1.84 0.757021 -2.10812 -2.19875
1.85 0.735939 -2.13011 -1.52578
1.86 0.714638 -2.14537 -0.864528
1.87 0.693185 -2.15401 -0.211179
1.88 0.671645 -2.15612 0.440136
1.89 0.650083 -2.15172 1.09598
1.9 0.628566 -2.14076 1.76266
1.91 0.607158 -2.12314 2.44552
1.92 0.585927 -2.09868 3.14835
1.93 0.56494 -2.0672 3.87275
1.94 0.544268 -2.02847 4.61754
1.95 0.523984 -1.98229 5.37821
1.96 0.504161 -1.92851 6.14656
1.97 0.484875 -1.86705 6.91055
1.98 0.466205 -1.79794 7.65434
1.99 0.448226 -1.7214 8.35888
2 0.431012 -1.63781 9.00281
2.01 0.414634 -1.54778 9.56387
2.02 0.399156 -1.45214 10.0208
2.03 0.384634 -1.35193 10.3556
2.04 0.371115 -1.24838 10.5552
2.05 0.358631 -1.14283 10.613
2.06 0.347203 -1.0367 10.529
2.07 0.336836 -0.931407 10.3092
2.08 0.327522 -0.828315 9.96426
2.09 0.319239 -0.728673 9.50806
2.1 0.311952 -0.633592 8.95635
2.11 0.305616 -0.544029 8.32583
2.12 0.300176 -0.46077 7.63357
2.13 0.295568 -0.384435 6.8967
2.14 0.291724 -0.315468 6.13233
2.15 0.288569 -0.254144 5.35768
2.16 0.286028 -0.200568 4.59004
2.17 0.284022 -0.154667 3.84666
2.18 0.282475 -0.1162 3.14425
2.19 0.281313 -0.084758 2.49808
2.2 0.280466 -0.0597772 1.92061
2.21 0.279868 -0.040571 1.41967
2.22 0.279462 -0.0263743 0.996635
2.23 0.279198 -0.016408 0.645086
2.24 0.279034 -0.0099571 0.350622
2.25 0.278935 -0.00645088 0.0920005
2.26 0.27887 -0.00553087 -0.156482
2.27 0.278815 -0.00709569 -0.42181
2.28 0.278744 -0.0113138 -0.72884
2.29 0.278631 -0.0186022 -1.09727
2.3 0.278445 -0.0295749 -1.53955
2.31 0.278149 -0.0449704 -2.06004
2.32 0.277699 -0.0655708 -2.64416
2.33 0.277044 -0.0920123 -3.23433
2.34 0.276124 -0.124356 -3.77875
2.35 0.27488 -0.162143 -4.2421
2.36 0.273259 -0.204564 -4.60266
2.37 0.271213 -0.250591 -4.84962
2.38 0.268707 -0.299087 -4.98068
2.39 0.265716 -0.348894 -5.00001
2.4 0.262227 -0.398894 -4.91648
2.41 0.258238 -0.448058 -4.74222
2.42 0.253758 -0.495481 -4.4914
2.43 0.248803 -0.540395 -4.17923
2.44 0.243399 -0.582187 -3.82114
2.45 0.237577 -0.620398 -3.43223
2.46 0.231373 -0.654721 -3.02673
2.47 0.224826 -0.684988 -2.61771
2.48 0.217976 -0.711165 -2.21686
2.49 0.210864 -0.733334 -1.83433
2.5 0.203531 -0.751677 -1.47862
2.51 0.196014 -0.766463 -1.15635
2.52 0.18835 -0.778027 -0.871955
2.53 0.180569 -0.786746 -0.627342
2.54 0.172702 -0.79302 -0.421622
2.55 0.164772 -0.797236 -0.250978
2.56 0.156799 -0.799746 -0.108765
2.57 0.148802 -0.800833 0.0142243
2.58 0.140794 -0.800691 0.129322
2.59 0.132787 -0.799398 0.249467
2.6 0.124793 -0.796903 0.388629
2.61 0.116824 -0.793017 0.561254
2.62 0.108893 -0.787404 0.778923
2.63 0.101019 -0.779615 1.04146
2.64 0.0932233 -0.769201 1.34491
2.65 0.0855313 -0.755751 1.6841
2.66 0.0779737 -0.73891 2.05255
2.67 0.0705846 -0.718385 2.44231
2.68 0.0634008 -0.693962 2.84397
2.69 0.0564612 -0.665522 3.24665
2.7 0.049806 -0.633056 3.63809
2.71 0.0434754 -0.596675 4.00486
2.72 0.0375086 -0.556626 4.33262
2.73 0.0319424 -0.5133 4.60658
2.74 0.0268094 -0.467234 4.81202
2.75 0.022137 -0.419114 4.93508
2.76 0.0179459 -0.369763 4.96368
2.77 0.0142483 -0.320126 4.88863
2.78 0.011047 -0.27124 4.70503
2.79 0.0083346 -0.22419 4.41379
2.8 0.0060927 -0.180052 4.02297
2.81 0.00429218 -0.139822 3.54846
2.82 0.00289396 -0.104338 3.01356
2.83 0.00185058 -0.0742021 2.4475
2.84 0.00110856 -0.0497271 1.88295
2.85 0.000611289 -0.0308976 1.35306
2.86 0.000302313 -0.017367 0.888335
2.87 0.000128643 -0.00848365 0.513311
2.88 4.38067e-05 -0.00335054 0.243248
2.89 1.03013e-05 -0.000918066 0.0806
2.9 1.12066e-06 -0.000112066 0.0112066
2.91 0 0 0
2.92 0 0 0
2.93 0 0 0
2.94 0 0 0
2.95 0 0 0
2.96 0 0 0
2.97 0 0 0
2.98 0 0 0
2.99 0 0 0
3 0 0 0
3.01 0 0 0
3.02 0 0 0
3.03 0 0 0
3.04 0 0 0
3.05 0 0 0
3.06 0 0 0
3.07 0 0 0
3.08 0 0 0
3.09 0 0 0
3.1 0 0 0
3.11 0 0 0
3.12 0 0 0
3.13 0 0 0
3.14 0 0 0
3.15 0 0 0
3.16 0 0 0
3.17 0 0 0
3.18 0 0 0
3.19 0 0 0
3.2 0 0 0
3.21 0 0 0
3.22 0 0 0
3.23 0 0 0
