0 -4.15064 0 0
0.01 -4.15064 0 0
0.02 -4.15064 0 0
0.03 -4.15064 0 0
0.04 -4.15064 0 0
0.05 -4.15064 0 0
0.06 -4.15064 0 0
0.07 -4.15064 0 0
0.08 -4.15064 0 0
0.09 -4.15064 0 0
0.1 -4.15064 0 0
0.11 -4.15064 0 0
0.12 -4.15064 0 0
0.13 -4.15064 0 0
0.14 -4.15064 0 0
0.15 -4.15064 0 0
0.16 -4.15064 0 0
0.17 -4.15064 0 0
0.18 -4.15064 0 0
0.19 -4.15064 0 0
0.2 -4.15064 0 0
0.21 -4.15064 0 0
0.22 -4.15064 0 0
0.23 -4.15064 0 0
0.24 -4.15064 0 0
0.25 -4.15064 0 0
0.26 -4.15064 0 0
0.27 -4.15064 0 0
0.28 -4.15064 0 0
0.29 -4.15064 0 0
0.3 -4.15064 0 0
0.31 -4.15064 0 0
0.32 -4.15064 0 0
0.33 -4.15064 0 0
0.34 -4.15064 0 0
0.35 -4.15064 0 0
0.36 -4.15064 0 0
0.37 -4.15064 0 0
0.38 -4.15064 0 0
0.39 -4.15064 0 0
0.4 -4.15064 0 0
0.41 -4.15064 0 0
0.42 -4.15064 0 0
0.43 -4.15064 0 0
0.44 -4.15064 0 0
0.45 -4.15064 0 0
0.46 -4.15064 0 0
0.47 -4.15064 0 0
0.48 -4.15064 0 0
0.49 -4.15064 0 0
0.5 -4.15064 0 0
0.51 -4.15064 0 0
0.52 -4.15064 0 0
0.53 -4.15064 0 0
0.54 -4.15064 0 0
0.55 -4.15064 0 0
0.56 -4.15064 0 0
0.57 -4.15064 0 0
0.58 -4.15064 0 0
0.59 -4.15064 0 0
0.6 -4.15064 0 0
0.61 -4.15064 0 0
0.62 -4.15064 0 0
0.63 -4.15064 0 0
0.64 -4.15064 0 0
0.65 -4.15064 0 0
0.66 -4.15064 0 0
0.67 -4.15064 0 0
0.68 -4.15064 0 0
0.69 -4.15064 0 0
0.7 -4.15064 0 0
0.71 -4.15064 0 0
0.72 -4.15064 0 0
0.73 -4.15064 0 0
0.74 -4.15064 0 0
0.75 -4.15064 0 0
0.76 -4.15064 0 0
0.77 -4.15064 0 0
0.78 -4.15064 0 0
0.79 -4.15064 0 0
0.8 -4.15064 0 0
0.81 -4.15064 0 0
0.82 -4.15064 0 0
0.83 -4.15064 0 0
0.84 -4.15064 0 0
0.85 -4.15064 0 0
0.86 -4.15064 0 0
0.87 -4.15064 0 0
0.88 -4.15064 0 0
0.89 -4.15064 0 0
0.9 -4.15064 0 0
0.91 -4.15064 0 0
0.92 -4.15064 0 0
0.93 -4.15064 0 0
0.94 -4.15064 0 0
0.95 -4.15064 0 0
0.96 -4.15064 0 0
0.97 -4.15064 0 0
0.98 -4.15064 0 0
0.99 -4.15064 0 0
1 -4.15064 0 0
1.01 -4.15064 0 0
1.02 -4.15064 0 0
1.03 -4.15064 0 0
1.04 -4.15064 0 0
1.05 -4.15064 0 0
1.06 -4.15064 0 0
1.07 -4.15064 0 0
1.08 -4.15064 0 0
1.09 -4.15064 0 0
1.1 -4.15064 0 0
1.11 -4.15064 0 0
1.12 -4.15064 0 0
1.13 -4.15064 0 0
1.14 -4.15064 0 0
1.15 -4.15064 0 0
1.16 -4.15064 0 0
1.17 -4.15064 0 0
1.18 -4.15064 0 0
1.19 -4.15064 0 0
1.2 -4.15064 0 0
1.21 -4.15064 0 0
1.22 -4.15064 0 0
1.23 -4.15064 0 0
1.24 -4.15064 0 0
1.25 -4.15064 0 0
1.26 -4.15064 0 0
1.27 -4.15064 0 0
1.28 -4.15064 0 0
1.29 -4.15064 0 0
1.3 -4.15064 0 0
1.31 -4.15064 0 0
1.32 -4.15064 0 0
1.33 -4.15064 0 0
1.34 -4.15064 0 0
1.35 -4.15064 0 0
1.36 -4.15064 0 0
1.37 -4.15064 0 0
1.38 -4.15064 0 0
1.39 -4.15064 0 0
1.4 -4.15064 0 0
1.41 -4.15064 0 0
1.42 -4.15064 0 0
1.43 -4.15064 0 0
1.44 -4.15064 0 0
1.45 -4.15064 0 0
1.46 -4.15064 0 0
1.47 -4.15064 0 0
1.48 -4.15064 0 0
1.49 -4.15064 0 0
1.5 -4.15064 0 0
1.51 -4.15064 0 0.01311
1.52 -4.15064 0.0001311 0.0962017
1.53 -4.15064 0.00109312 0.300604
1.54 -4.15063 0.00409916 0.661177
1.55 -4.15058 0.0107109 1.19912
1.56 -4.15048 0.0227021 1.92404
1.57 -4.15025 0.0419425 2.83547
1.58 -4.14983 0.0702972 3.92397
1.59 -4.14913 0.109537 5.17209
1.6 -4.14803 0.161258 6.55538
1.61 -4.14642 0.226812 8.04339
1.62 -4.14415 0.307245 9.60086
1.63 -4.14108 0.403254 11.189
1.64 -4.13705 0.515144 12.7673
1.65 -4.1319 0.642818 14.2948
1.66 -4.12547 0.785766 15.732
1.67 -4.11761 0.943086 17.042
1.68 -4.10818 1.11351 18.1914
1.69 -4.09704 1.29542 19.1519
1.7 -4.08409 1.48694 19.9003
1.71 -4.06922 1.68594 20.4206
1.72 -4.05236 1.89015 20.7038
1.73 -4.03346 2.09719 20.7491
1.74 -4.01249 2.30468 20.5648
1.75 -3.98944 2.51033 20.1691
1.76 -3.96434 2.71202 19.5908
1.77 -3.93722 2.90793 18.8696
1.78 -3.90814 3.09662 18.0547
1.79 -3.87717 3.27717 17.2024
1.8 -3.8444 3.44919 16.3729
1.81 -3.80991 3.61292 15.6225
1.82 -3.77378 3.76915 14.9894
1.83 -3.73609 3.91904 14.4987
1.84 -3.6969 4.06403 14.1626
1.85 -3.65626 4.20565 13.9795
1.86 -3.6142 4.34545 13.935
1.87 -3.57075 4.4848 14.0038
1.88 -3.5259 4.62484 14.1521
1.89 -3.47965 4.76636 14.3401
1.9 -3.43199 4.90976 14.525
1.91 -3.38289 5.05501 14.6625
1.92 -3.33234 5.20163 14.7083
1.93 -3.28032 5.34872 14.6194
1.94 -3.22683 5.49491 14.3549
1.95 -3.17189 5.63846 13.8781
1.96 -3.1155 5.77724 13.1575
1.97 -3.05773 5.90882 12.1695
1.98 -2.99864 6.03051 10.9011
1.99 -2.93834 6.13952 9.35312
2 -2.87694 6.23305 7.5429
2.01 -2.81461 6.30848 5.50641
2.02 -2.75152 6.36355 3.29814
2.03 -2.68789 6.39653 0.988534
2.04 -2.62392 6.40641 -1.34099
2.05 -2.55986 6.393 -3.6047
2.06 -2.49593 6.35696 -5.71975
2.07 -2.43236 6.29976 -7.61322
2.08 -2.36936 6.22363 -9.22926
2.09 -2.30713 6.13133 -10.5367
2.1 -2.24581 6.02597 -11.5375
2.11 -2.18555 5.91059 -12.2614
2.12 -2.12645 5.78798 -12.7136
2.13 -2.06857 5.66084 -12.9006
2.14 -2.01196 5.53184 -12.8415
2.15 -1.95664 5.40342 -12.566
2.16 -1.90261 5.27776 -12.1133
2.17 -1.84983 5.15663 -11.5294
2.18 -1.79826 5.04133 -10.8644
2.19 -1.74785 4.93269 -10.1698
2.2 -1.69852 4.83099 -9.49529
2.21 -1.65021 4.73604 -8.88634
2.22 -1.60285 4.64718 -8.38127
2.23 -1.55638 4.56336 -8.00954
2.24 -1.51075 4.48327 -7.79028
2.25 -1.46591 4.40537 -7.73138
2.26 -1.42186 4.32805 -7.8293
2.27 -1.37858 4.24976 -8.06951
2.28 -1.33608 4.16906 -8.42779
2.29 -1.29439 4.08479 -8.87232
2.3 -1.25354 3.99606 -9.36614
2.31 -1.21358 3.9024 -9.86994
2.32 -1.17456 3.8037 -10.3449
2.33 -1.13652 3.70025 -10.7552
2.34 -1.09952 3.5927 -11.0703
2.35 -1.06359 3.482 -11.2657
2.36 -1.02877 3.36934 -11.3234
2.37 -0.995079 3.25611 -11.2312
2.38 -0.962518 3.14379 -10.9815
2.39 -0.93108 3.03398 -10.5701
2.4 -0.90074 2.92828 -9.9926
2.41 -0.871458 2.82835 -9.23664
2.42 -0.843174 2.73599 -8.29913
2.43 -0.815814 2.65299 -7.19298
2.44 -0.789284 2.58106 -5.9459
2.45 -0.763474 2.52161 -4.59733
2.46 -0.738257 2.47563 -3.19492
2.47 -0.713501 2.44368 -1.80134
2.48 -0.689064 2.42567 -0.513876
2.49 -0.664808 2.42053 0.582314
2.5 -0.640602 2.42635 1.4258
2.51 -0.616339 2.44061 1.97789
2.52 -0.591933 2.46039 2.22135
2.53 -0.567329 2.4826 2.1585
2.54 -0.542503 2.50419 1.80868
2.55 -0.517461 2.52228 -2.36471
2.56 -0.492238 2.49863 -3.30598
2.57 -0.467252 2.46557 -4.02385
2.58 -0.442596 2.42533 -4.54398
2.59 -0.418343 2.37989 -4.93757
2.6 -0.394544 2.33052 -5.25425
2.61 -0.371239 2.27797 -5.52052
2.62 -0.348459 2.22277 -5.74913
2.63 -0.326231 2.16528 -5.94605
2.64 -0.304578 2.10582 -6.11432
2.65 -0.28352 2.04467 -6.25591
2.66 -0.263074 1.98211 -6.37254
2.67 -0.243252 1.91839 -6.46603
2.68 -0.224069 1.85373 -6.53846
2.69 -0.205531 1.78834 -6.59218
2.7 -0.187648 1.72242 -6.6301
2.71 -0.170424 1.65612 -6.65631
2.72 -0.153862 1.58956 -6.67506
2.73 -0.137967 1.52281 -6.69026
2.74 -0.122739 1.4559 -6.70547
2.75 -0.10818 1.38885 -6.72398
2.76 -0.0942912 1.32161 -6.74891
2.77 -0.0810751 1.25412 -6.78247
2.78 -0.0685339 1.1863 -6.82364
2.79 -0.0566709 1.11806 -6.87074
2.8 -0.0454903 1.04935 -6.92223
2.81 -0.0349968 0.98013 -6.97665
2.82 -0.0251955 0.910364 -7.03267
2.83 -0.0160918 0.840037 -7.08906
2.84 -0.00769146 0.769146 -7.14471
2.85 0 0.697699 -7.14471
