0 90.6224 -2.24411 1.64842
0.01 90.6 -2.22763 1.1097
0.02 90.5777 -2.21653 0.523372
0.03 90.5555 -2.2113 -0.109989
0.04 90.5334 -2.2124 -0.789784
0.05 90.5113 -2.22029 -1.51539
0.06 90.4891 -2.23545 -2.28617
0.07 90.4668 -2.25831 -3.10144
0.08 90.4442 -2.28932 -3.96052
0.09 90.4213 -2.32893 -4.86264
0.1 90.398 -2.37756 -5.80693
0.11 90.3742 -2.43563 -6.79229
0.12 90.3499 -2.50355 -7.81732
0.13 90.3248 -2.58172 -8.88001
0.14 90.299 -2.67052 -9.97749
0.15 90.2723 -2.7703 -11.1059
0.16 90.2446 -2.88136 -12.2614
0.17 90.2158 -3.00397 -13.4387
0.18 90.1857 -3.13836 -14.6311
0.19 90.1544 -3.28467 -15.8287
0.2 90.1215 -3.44295 -17.0181
0.21 90.0871 -3.61314 -18.1805
0.22 90.051 -3.79494 -19.2906
0.23 90.013 -3.98785 -20.3173
0.24 89.9731 -4.19102 -21.2296
0.25 89.9312 -4.40332 -22.0192
0.26 89.8872 -4.62351 -22.7611
0.27 89.8409 -4.85112 -23.7496
0.28 89.7924 -5.08861 -25.7034
0.29 89.7415 -5.34565 -29.6785
0.3 89.6881 -5.64243 -129.75
0.31 89.6317 -6.93994 -157.712
0.32 89.5623 -8.51705 -188.057
0.33 89.4771 -10.3976 -220.563
0.34 89.3731 -12.6033 -254.971
0.35 89.2471 -15.153 -290.979
0.36 89.0956 -18.0627 -328.233
0.37 88.9149 -21.3451 -366.324
0.38 88.7015 -25.0083 -404.777
0.39 88.4514 -29.0561 -443.064
0.4 88.1608 -33.4867 -480.615
0.41 87.826 -38.2929 -516.841
0.42 87.443 -43.4613 -551.174
0.43 87.0084 -48.973 -583.099
0.44 86.5187 -54.804 -612.194
0.45 85.9707 -60.926 -638.153
0.46 85.3614 -67.3075 -660.774
0.47 84.6883 -73.9152 -679.95
0.48 83.9492 -80.7147 -695.645
0.49 83.142 -87.6712 -707.863
0.5 82.2653 -94.7498 -716.616
0.51 81.3178 -101.916 -721.907
0.52 80.2987 -109.135 -723.71
0.53 79.2073 -116.372 -721.979
0.54 78.0436 -123.592 -716.644
0.55 76.8077 -130.758 -707.628
0.56 75.5001 -137.835 -694.854
0.57 74.1217 -144.783 -678.25
0.58 72.6739 -151.566 -657.759
0.59 71.1582 -158.143 -633.334
0.6 69.5768 -164.477 -604.937
0.61 67.932 -170.526 -572.544
0.62 66.2268 -176.251 -536.143
0.63 64.4643 -181.613 -495.742
0.64 62.6481 -186.57 -451.379
0.65 60.7824 -191.084 -403.138
0.66 58.8716 -195.115 -351.168
0.67 56.9204 -198.627 -295.695
0.68 54.9342 -201.584 -237.039
0.69 52.9183 -203.954 -175.62
0.7 50.8788 -205.711 -111.961
0.71 48.8217 -206.83 -46.6761
0.72 46.7534 -207.297 19.5369
0.73 44.6804 -207.102 85.9229
0.74 42.6094 -206.242 151.697
0.75 40.547 -204.725 216.078
0.76 38.4997 -202.565 278.325
0.77 36.4741 -199.781 337.767
0.78 34.4762 -196.404 393.816
0.79 32.5122 -192.466 445.981
0.8 30.5876 -188.006 493.857
0.81 28.7075 -183.067 537.124
0.82 26.8768 -177.696 575.537
0.83 25.0999 -171.941 608.922
0.84 23.3805 -165.851 637.168
0.85 21.7219 -159.48 660.231
0.86 20.1271 -152.877 678.14
0.87 18.5984 -146.096 691.001
0.88 17.1374 -139.186 699.007
0.89 15.7456 -132.196 702.434
0.9 14.4236 -125.172 701.632
0.91 13.1719 -118.155 697.004
0.92 11.9903 -111.185 688.981
0.93 10.8785 -104.295 677.987
0.94 9.83552 -97.5156 664.417
0.95 8.86037 -90.8714 648.607
0.96 7.95165 -84.3853 630.829
0.97 7.1078 -78.077 611.282
0.98 6.32703 -71.9642 590.111
0.99 5.60739 -66.0631 567.425
1 4.94676 -60.3888 543.322
1.01 4.34287 -54.9556 517.917
1.02 3.79331 -49.7765 491.361
1.03 3.29555 -44.8628 463.85
1.04 2.84692 -40.2243 435.619
1.05 2.44467 -35.8681 406.924
1.06 2.08599 -31.7989 378.024
1.07 1.768 -28.0187 349.163
1.08 1.48782 -24.527 320.565
1.09 1.24255 -21.3214 292.43
1.1 1.02933 -18.3971 264.941
1.11 0.845362 -15.7477 238.265
1.12 0.687885 -13.365 212.566
1.13 0.554235 -11.2394 188.004
1.14 0.441841 -9.35933 164.733
1.15 0.348248 -7.712 142.9
1.16 0.271128 -6.283 122.635
1.17 0.208298 -5.05665 104.041
1.18 0.157731 -4.01624 87.1876
1.19 0.117569 -3.14437 72.1064
1.2 0.0861253 -2.4233 58.7898
1.21 0.0618923 -1.83541 47.1926
1.22 0.0435382 -1.36348 37.2373
1.23 0.0299034 -0.991106 28.8209
1.24 0.0199924 -0.702897 21.8232
1.25 0.0129634 -0.484665 16.113
1.26 0.00811674 -0.323535 11.5534
1.27 0.00488139 -0.208001 8.0041
1.28 0.00280139 -0.12796 5.32378
1.29 0.00152179 -0.0747218 3.37242
1.3 0.000774572 -0.0409976 2.01381
1.31 0.000364596 -0.0208595 1.11864
1.32 0.000156001 -0.00967314 0.568031
1.33 5.92692e-05 -0.00399283 0.25745
1.34 1.93409e-05 -0.00141832 0.100631
1.35 5.15766e-06 -0.000412012 0.03219
1.36 1.03754e-06 -9.01124e-05 0.0077322
1.37 1.36416e-07 -1.27904e-05 0.00119392
1.38 8.51184e-09 -8.51184e-07 8.51184e-05
1.39 0 0 0
1.4 0 0 0
1.41 0 0 0
1.42 0 0 0
1.43 0 0 0
1.44 0 0 0
1.45 0 0 0
1.46 0 0 0
1.47 0 0 0
1.48 0 0 0
1.49 0 0 0
1.5 0 0 0
1.51 0 0 0
1.52 0 0 0
1.53 0 0 0
1.54 0 0 0
1.55 0 0 0
1.56 0 0 0
1.57 0 0 0
1.58 0 0 0
1.59 0 0 0
1.6 0 0 0
1.61 0 0 0
1.62 0 0 0
1.63 0 0 0
1.64 0 0 0
1.65 0 0 0
1.66 0 0 0
1.67 0 0 0
1.68 0 0 0
1.69 0 0 0
1.7 0 0 0
1.71 0 0 0
1.72 0 0 0
1.73 0 0 0
1.74 0 0 0
1.75 0 0 0
1.76 0 0 0
1.77 0 0 0
1.78 0 0 0
1.79 0 0 0
1.8 0 0 0
1.81 0 0 0
1.82 0 0 0
1.83 0 0 0
1.84 0 0 0
1.85 0 0 0
1.86 0 0 0
1.87 0 0 0
1.88 0 0 0
1.89 0 0 0
1.9 0 0 0
1.91 0 0 0
1.92 0 0 0
1.93 0 0 0
1.94 0 0 0
1.95 0 0 0
1.96 0 0 0
1.97 0 0 0
1.98 0 0 0
1.99 0 0 0
2 0 0 0
2.01 0 0 0
2.02 0 0 0
2.03 0 0 0
2.04 0 0 0
2.05 0 0 0
2.06 0 0 0
2.07 0 0 0
2.08 0 0 0
2.09 0 0 0
2.1 0 0 0
2.11 0 0 0
2.12 0 0 0
2.13 0 0 0
2.14 0 0 0
2.15 0 0 0
2.16 0 0 0
2.17 0 0 0
2.18 0 0 0
2.19 0 0 0
2.2 0 0 0
2.21 0 0 0
2.22 0 0 0
2.23 0 0 0
2.24 0 0 0
2.25 0 0 0
2.26 0 0 0
2.27 0 0 0
2.28 0 0 0
2.29 0 0 0
2.3 0 0 0
2.31 0 0 0
2.32 0 0 0
2.33 0 0 0
2.34 0 0 0
2.35 0 0 0
2.36 0 0 0
2.37 0 0 0
2.38 0 0 0
2.39 0 0 0
2.4 0 0 0
2.41 0 0 0
2.42 0 0 0
2.43 0 0 0
2.44 0 0 0
2.45 0 0 0
2.46 0 0 0
