0 89.8097 -0.123978 0.56141
0.01 89.8085 -0.118364 0.584432
0.02 89.8073 -0.11252 0.609163
0.03 89.8062 -0.106428 0.635603
0.04 89.8051 -0.100072 0.663757
0.05 89.8041 -0.0934347 0.693637
0.06 89.8032 -0.0864983 0.725264
0.07 89.8023 -0.0792457 0.758666
0.08 89.8015 -0.071659 0.79388
0.09 89.8008 -0.0637202 0.83095
0.1 89.8001 -0.0554107 0.869927
0.11 89.7996 -0.0467114 0.910872
0.12 89.7991 -0.0376027 0.953848
0.13 89.7987 -0.0280643 0.998923
0.14 89.7985 -0.018075 1.04616
0.15 89.7983 -0.00761341 1.09562
0.16 89.7982 0.0033428 1.14733
0.17 89.7982 0.0148161 1.20129
0.18 89.7984 0.026829 1.25741
0.19 89.7987 0.0394031 1.31553
0.2 89.799 0.0525584 1.3753
0.21 89.7996 0.0663114 1.43619
0.22 89.8002 0.0806733 1.49739
0.23 89.801 0.0956472 1.5579
0.24 89.802 0.111226 1.61682
0.25 89.8031 0.127394 1.67438
0.26 89.8044 0.144138 1.73465
0.27 89.8058 0.161485 1.8114
0.28 89.8074 0.179599 1.9359
0.29 89.8092 0.198958 2.14907
0.3 89.8112 0.220448 6.76995
0.31 89.8134 0.288148 7.61964
0.32 89.8163 0.364344 8.33668
0.33 89.82 0.447711 8.89009
0.34 89.8244 0.536612 9.25978
0.35 89.8298 0.62921 9.43667
0.36 89.8361 0.723577 9.41987
0.37 89.8433 0.817775 9.21092
0.38 89.8515 0.909884 8.80678
0.39 89.8606 0.997952 8.19236
0.4 89.8706 1.07988 7.33297
0.41 89.8814 1.15321 6.16751
0.42 89.8929 1.21488 4.60347
0.43 89.9051 1.26092 2.51427
0.44 89.9177 1.28606 -0.261079
0.45 89.9305 1.28345 -3.91566
0.46 89.9434 1.24429 -8.6691
0.47 89.9558 1.1576 -14.7587
0.48 89.9674 1.01001 -22.4276
0.49 89.9775 0.785737 -31.9114
0.5 89.9853 0.466623 -43.4284
0.51 89.99 0.0323391 -57.1783
0.52 89.9903 -0.539444 -73.3179
0.53 89.9849 -1.27262 -91.9473
0.54 89.9722 -2.1921 -113.103
0.55 89.9503 -3.32313 -136.754
0.56 89.9171 -4.69066 -162.798
0.57 89.8702 -6.31864 -191.065
0.58 89.807 -8.2293 -221.323
0.59 89.7247 -10.4425 -253.283
0.6 89.6203 -12.9754 -286.612
0.61 89.4905 -15.8415 -320.949
0.62 89.3321 -19.051 -355.908
0.63 89.1416 -22.61 -391.094
0.64 88.9155 -26.521 -426.099
0.65 88.6503 -30.782 -460.514
0.66 88.3424 -35.3871 -493.921
0.67 87.9886 -40.3263 -525.899
0.68 87.5853 -45.5853 -556.02
0.69 87.1295 -51.1455 -583.856
0.7 86.618 -56.9841 -608.988
0.71 86.0482 -63.074 -631.014
0.72 85.4174 -69.3841 -649.564
0.73 84.7236 -75.8797 -664.316
0.74 83.9648 -82.5229 -675.006
0.75 83.1396 -89.273 -681.443
0.76 82.2468 -96.0874 -683.513
0.77 81.2859 -102.923 -681.178
0.78 80.2567 -109.734 -674.469
0.79 79.1594 -116.479 -663.472
0.8 77.9946 -123.114 -648.299
0.81 76.7635 -129.597 -629.001
0.82 75.4675 -135.887 -605.601
0.83 74.1086 -141.943 -578.097
0.84 72.6892 -147.724 -546.481
0.85 71.212 -153.188 -510.749
0.86 69.6801 -158.296 -470.925
0.87 68.0971 -163.005 -427.084
0.88 66.4671 -167.276 -379.368
0.89 64.7943 -171.07 -327.989
0.9 63.0836 -174.35 -273.23
0.91 61.3401 -177.082 -215.432
0.92 59.5693 -179.236 -154.979
0.93 57.7769 -180.786 -92.2758
0.94 55.9691 -181.709 -27.7318
0.95 54.152 -181.986 38.2569
0.96 52.3321 -181.604 105.311
0.97 50.5161 -180.55 173.063
0.98 48.7106 -178.82 241.147
0.99 46.9224 -176.408 309.186
1 45.1583 -173.316 376.771
1.01 43.4251 -169.549 443.455
1.02 41.7296 -165.114 508.746
1.03 40.0785 -160.027 572.116
1.04 38.4782 -154.306 633.014
1.05 36.9352 -147.975 690.882
1.06 35.4554 -141.067 745.181
1.07 34.0448 -133.615 795.402
1.08 32.7086 -125.661 841.08
1.09 31.452 -117.25 881.805
1.1 30.2795 -108.432 917.224
1.11 29.1952 -99.2597 947.044
1.12 28.2026 -89.7893 971.028
1.13 27.3047 -80.079 988.998
1.14 26.5039 -70.189 1000.84
1.15 25.802 -60.1807 1006.49
1.16 25.2002 -50.1158 1005.97
1.17 24.699 -40.0561 999.374
1.18 24.2985 -30.0623 986.882
1.19 23.9979 -20.1935 968.769
1.2 23.7959 -10.5058 945.403
1.21 23.6909 -1.05179 917.241
1.22 23.6803 8.12062 884.805
1.23 23.7616 16.9687 848.66
1.24 23.9312 25.4553 809.385
1.25 24.1858 33.5491 767.543
1.26 24.5213 41.2245 723.659
1.27 24.9335 48.4611 678.195
1.28 25.4181 55.2431 631.547
1.29 25.9706 61.5586 584.042
1.3 26.5862 67.399 535.943
1.31 27.2601 72.7584 487.469
1.32 27.9877 77.6331 438.805
1.33 28.7641 82.0211 390.121
1.34 29.5843 85.9223 341.581
1.35 30.4435 89.3382 293.35
1.36 31.3369 92.2717 245.586
1.37 32.2596 94.7275 198.438
1.38 33.2069 96.7119 152.043
1.39 34.174 98.2323 106.517
1.4 35.1563 99.2975 61.9627
1.41 36.1493 99.9171 18.4751
1.42 37.1485 100.102 -23.8458
1.43 38.1495 99.8634 -64.8753
1.44 39.1481 99.2147 -104.445
1.45 40.1403 98.1702 -142.33
1.46 41.122 96.7469 -178.247
1.47 42.0894 94.9644 -211.864
1.48 43.0391 92.8458 -242.827
1.49 43.9675 90.4175 -270.786
1.5 44.8717 87.7097 -295.429
1.51 45.7488 84.7554 -316.511
1.52 46.5964 81.5903 -333.882
1.53 47.4123 78.2515 -347.494
1.54 48.1948 74.7765 -357.406
1.55 48.9425 71.2025 -363.767
1.56 49.6546 67.5648 -366.805
1.57 50.3302 63.8967 -366.793
1.58 50.9692 60.2288 -364.035
1.59 51.5715 56.5885 -358.841
1.6 52.1374 53.0001 -351.515
1.61 52.6674 49.4849 -342.351
1.62 53.1622 46.0614 -331.629
1.63 53.6228 42.7451 -319.618
1.64 54.0503 39.5489 -306.579
1.65 54.4458 36.4832 -292.764
1.66 54.8106 33.5555 -278.413
1.67 55.1461 30.7714 -263.751
1.68 55.4539 28.1339 -248.986
1.69 55.7352 25.644 -234.298
1.7 55.9916 23.301 -219.838
1.71 56.2246 21.1027 -205.724
1.72 56.4357 19.0454 -192.038
1.73 56.6261 17.125 -178.825
1.74 56.7974 15.3368 -166.1
1.75 56.9507 13.6758 -153.847
1.76 57.0875 12.1373 -142.037
1.77 57.2089 10.7169 -130.633
1.78 57.316 9.41061 -119.608
1.79 57.4102 8.21454 -108.945
1.8 57.4923 7.12508 -98.6525
1.81 57.5636 6.13856 -88.7526
1.82 57.6249 5.25103 -79.2852
1.83 57.6774 4.45818 -70.3003
1.84 57.722 3.75518 -61.851
1.85 57.7596 3.13667 -53.9861
1.86 57.7909 2.59681 -46.7423
1.87 57.8169 2.12938 -40.1401
1.88 57.8382 1.72798 -34.1809
1.89 57.8555 1.38617 -28.8485
1.9 57.8694 1.09769 -24.1121
1.91 57.8803 0.856567 -19.9315
1.92 57.8889 0.657252 -16.2629
1.93 57.8955 0.494623 -13.0637
1.94 57.9004 0.363986 -10.2967
1.95 57.9041 0.261019 -7.93118
1.96 57.9067 0.181707 -5.94256
1.97 57.9085 0.122281 -4.30939
1.98 57.9097 0.0791872 -3.0087
1.99 57.9105 0.0491002 -2.01157
2 57.911 0.0289845 -1.28076
2.01 57.9113 0.0161769 -0.771722
2.02 57.9114 0.00845967 -0.436762
2.03 57.9115 0.00409205 -0.2308
2.04 57.9116 0.00178405 -0.11666
2.05 57.9116 0.00061745 -0.068671
2.06 57.9116 -6.92602e-05 -0.0739639
2.07 57.9116 -0.0008089 -0.131618
2.08 57.9116 -0.00212508 -0.250145
2.09 57.9116 -0.00462653 -0.443939
2.1 57.9115 -0.00906592 -0.729345
2.11 57.9114 -0.0163594 -1.12092
2.12 57.9113 -0.0275685 -1.62853
2.13 57.911 -0.0438539 -2.25572
2.14 57.9105 -0.0664111 -2.99912
2.15 57.9099 -0.0964023 -3.84878
2.16 57.9089 -0.13489 -4.78911
2.17 57.9076 -0.182781 -5.80026
2.18 57.9057 -0.240784 -6.85971
2.19 57.9033 -0.309381 -7.94356
2.2 57.9002 -0.388816 -9.02756
2.21 57.8963 -0.479092 -10.0875
2.22 57.8916 -0.579967 -11.0993
2.23 57.8858 -0.69096 -12.039
2.24 57.8788 -0.811349 -12.8825
2.25 57.8707 -0.940175 -13.6062
2.26 57.8613 -1.07624 -14.1868
2.27 57.8506 -1.2181 -14.6032
2.28 57.8384 -1.36414 -14.8373
2.29 57.8247 -1.51251 -14.8766
2.3 57.8096 -1.66128 -14.7157
2.31 57.793 -1.80843 -14.3583
2.32 57.7749 -1.95202 -13.8172
2.33 57.7554 -2.09019 -13.1139
2.34 57.7345 -2.22133 -12.2761
2.35 57.7123 -2.34409 -11.3346
2.36 57.6888 -2.45743 -10.3204
2.37 57.6643 -2.56064 -9.26246
2.38 57.6387 -2.65326 -8.18588
2.39 57.6121 -2.73512 -7.11078
2.4 57.5848 -2.80623 -6.05192
2.41 57.5567 -2.86675 -5.01863
2.42 57.5281 -2.91693 -4.01528
2.43 57.4989 -2.95709 -3.04184
2.44 57.4693 -2.98751 -2.09472
2.45 57.4394 -3.00845 -1.16758
2.46 57.4094 -3.02013 -0.252247
2.47 57.3792 -3.02265 0.660463
2.48 57.3489 -3.01605 1.57996
2.49 57.3188 -3.00025 2.51509
2.5 57.2888 -2.9751 3.4733
2.51 57.259 -2.94036 4.45981
2.52 57.2296 -2.89576 5.47672
2.53 57.2007 -2.841 6.52219
2.54 57.1722 -2.77578 7.58971
2.55 57.1445 -2.69988 8.66754
2.56 57.1175 -2.6132 9.73852
2.57 57.0914 -2.51582 10.7802
2.58 57.0662 -2.40802 11.7653
2.59 57.0421 -2.29036 12.6627
2.6 57.0192 -2.16374 13.4377
2.61 56.9976 -2.02936 14.0538
2.62 56.9773 -1.88882 14.4746
2.63 56.9584 -1.74407 14.6667
2.64 56.941 -1.59741 14.6024
2.65 56.925 -1.45138 14.2628
2.66 56.9105 -1.30875 13.6386
2.67 56.8974 -1.17237 12.7306
2.68 56.8857 -1.04506 11.5499
2.69 56.8752 -0.929564 10.1166
2.7 56.8659 -0.828399 8.45904
2.71 56.8576 -0.743809 6.6126
2.72 56.8502 -0.677682 4.61794
2.73 56.8434 -0.631503 2.51969
2.74 56.8371 -0.606306 0.364957
2.75 56.831 -0.602657 -1.79793
2.76 56.825 -0.620636 -3.9205
2.77 56.8188 -0.659841 -5.95516
2.78 56.8122 -0.719392 -7.85637
2.79 56.805 -0.797956 -9.582
2.8 56.797 -0.893776 -11.0948
2.81 56.7881 -1.00472 -12.3641
2.82 56.778 -1.12837 -13.3665
2.83 56.7668 -1.26203 -14.088
2.84 56.7541 -1.40291 -14.5239
2.85 56.7401 -1.54815 -14.68
2.86 56.7246 -1.69495 -14.5719
2.87 56.7077 -1.84067 -14.2245
2.88 56.6893 -1.98291 -13.6695
2.89 56.6694 -2.11961 -12.9427
2.9 56.6482 -2.24903 -12.0813
2.91 56.6258 -2.36985 -11.1205
2.92 56.6021 -2.48105 -10.0923
2.93 56.5772 -2.58198 -9.02215
2.94 56.5514 -2.6722 -7.92223
2.95 56.5247 -2.75142 -6.79438
2.96 56.4972 -2.81936 -5.63706
2.97 56.469 -2.87573 -4.44912
2.98 56.4402 -2.92022 -3.23047
2.99 56.411 -2.95253 -1.98192
3 56.3815 -2.97235 -0.704728
3.01 56.3518 -2.9794 0.599716
3.02 56.322 -2.9734 1.93013
3.03 56.2923 -2.9541 3.28549
3.04 56.2627 -2.92124 4.65828
3.05 56.2335 -2.87466 6.01924
3.06 56.2048 -2.81447 7.34401
3.07 56.1766 -2.74103 8.6176
3.08 56.1492 -2.65485 18.3014
3.09 56.1227 -2.47184 17.3656
3.1 56.0979 -2.29818 16.555
3.11 56.075 -2.13263 16.0192
3.12 56.0536 -1.97244 15.7357
3.13 56.0339 -1.81508 15.6395
3.14 56.0158 -1.65869 15.6716
3.15 55.9992 -1.50197 15.7882
3.16 55.9841 -1.34409 15.9588
3.17 55.9707 -1.1845 16.1624
3.18 55.9589 -1.02288 16.3843
3.19 55.9486 -0.859034 16.6144
3.2 55.94 -0.69289 16.8456
3.21 55.9331 -0.524434 17.0728
3.22 55.9279 -0.353706 17.2924
3.23 55.9243 -0.180782 17.5017
3.24 55.9225 -0.00576474 17.698
3.25 55.9225 0.171215 17.8787
3.26 55.9242 0.350003 18.0416
3.27 55.9277 0.530418 18.1845
3.28 55.933 0.712264 18.3062
3.29 55.9401 0.895325 18.4054
3.3 55.9491 1.07938 18.4816
3.31 55.9599 1.2642 18.5341
3.32 55.9725 1.44954 18.563
3.33 55.987 1.63517 18.5683
3.34 56.0033 1.82085 18.5508
3.35 56.0215 2.00636 18.514
3.36 56.0416 2.1915 18.4619
3.37 56.0635 2.37612 18.3987
3.38 56.0873 2.5601 18.3987
