0 0 -5.71323 27.8366
0.01 -0.0571323 -5.43486 28.8686
0.02 -0.111481 -5.14618 29.9721
0.03 -0.162943 -4.84645 31.1462
0.04 -0.211407 -4.53499 32.39
0.05 -0.256757 -4.21109 33.7029
0.06 -0.298868 -3.87406 35.0846
0.07 -0.337609 -3.52322 36.5352
0.08 -0.372841 -3.15787 38.0549
0.09 -0.40442 -2.77732 39.6441
0.1 -0.432193 -2.38088 41.3036
0.11 -0.456001 -1.96784 43.0343
0.12 -0.47568 -1.5375 44.8371
0.13 -0.491055 -1.08913 46.713
0.14 -0.501946 -0.621996 48.6627
0.15 -0.508166 -0.135369 50.6863
0.16 -0.50952 0.371494 52.7827
0.17 -0.505805 0.899321 54.9491
0.18 -0.496812 1.44881 57.1794
0.19 -0.482323 2.02061 59.4633
0.2 -0.462117 2.61524 61.784
0.21 -0.435965 3.23308 64.1164
0.22 -0.403634 3.87424 66.4257
0.23 -0.364892 4.5385 68.6701
0.24 -0.319507 5.2252 70.8148
0.25 -0.267255 5.93335 72.8761
0.26 -0.207921 6.66211 75.0345
0.27 -0.1413 7.41246 77.8681
0.28 -0.0671755 8.19114 82.6575
0.29 0.0147358 9.01771 91.0193
0.3 0.104913 9.9279 242.504
0.31 0.204192 12.3529 271.694
0.32 0.327721 15.0699 299.894
0.33 0.47842 18.0688 326.657
0.34 0.659108 21.3354 351.59
0.35 0.872462 24.8513 374.357
0.36 1.12098 28.5948 394.68
0.37 1.40692 32.5416 412.345
0.38 1.73234 36.6651 427.205
0.39 2.09899 40.9371 439.182
0.4 2.50836 45.329 448.271
0.41 2.96165 49.8117 454.536
0.42 3.45977 54.357 458.104
0.43 4.00334 58.9381 459.155
0.44 4.59272 63.5296 457.918
0.45 5.22802 68.1088 454.656
0.46 5.9091 72.6554 449.664
0.47 6.63566 77.152 443.193
0.48 7.40718 81.5839 435.253
0.49 8.22302 85.9365 425.776
0.5 9.08238 90.1942 414.683
0.51 9.98432 94.3411 401.89
0.52 10.9277 98.36 387.309
0.53 11.9113 102.233 370.855
0.54 12.9337 105.942 352.45
0.55 13.9931 109.466 332.027
0.56 15.0877 112.786 309.537
0.57 16.2156 115.882 284.95
0.58 17.3744 118.731 258.266
0.59 18.5617 121.314 229.518
0.6 19.7749 123.609 198.789
0.61 21.011 125.597 166.213
0.62 22.2669 127.259 131.986
0.63 23.5395 128.579 96.3745
0.64 24.8253 129.543 59.7166
0.65 26.1207 130.14 22.4266
0.66 27.4221 130.364 -15.0074
0.67 28.7258 130.214 -52.0289
0.68 30.0279 129.694 -88.0261
0.69 31.3249 128.814 -122.35
0.7 32.613 127.59 -154.346
0.71 33.8889 126.047 -183.39
0.72 35.1494 124.213 -208.947
0.73 36.3915 122.123 -230.637
0.74 37.6127 119.817 -248.33
0.75 38.8109 117.334 -262.261
0.76 39.9842 114.711 -273.161
0.77 41.1313 111.979 -282.11
0.78 42.2511 109.158 -289.456
0.79 43.3427 106.264 -295.32
0.8 44.4053 103.31 -299.825
0.81 45.4385 100.312 -303.093
0.82 46.4416 97.2813 -305.24
0.83 47.4144 94.2288 -306.377
0.84 48.3567 91.1651 -306.601
0.85 49.2683 88.0991 -306
0.86 50.1493 85.0391 -304.652
0.87 50.9997 81.9926 -302.627
0.88 51.8196 78.9663 -299.987
0.89 52.6093 75.9664 -296.792
0.9 53.369 72.9985 -293.099
0.91 54.0989 70.0675 -288.957
0.92 54.7996 67.1779 -284.408
0.93 55.4714 64.3339 -279.489
0.94 56.1147 61.539 -274.233
0.95 56.7301 58.7966 -268.678
0.96 57.3181 56.1099 -262.869
0.97 57.8792 53.4812 -256.857
0.98 58.414 50.9126 -250.703
0.99 58.9231 48.4056 -244.472
1 59.4072 45.9608 -238.221
1.01 59.8668 43.5786 -232.001
1.02 60.3026 41.2586 -225.841
1.03 60.7152 39.0002 -219.753
1.04 61.1052 36.8027 -213.726
1.05 61.4732 34.6654 -207.731
1.06 61.8198 32.5881 -201.723
1.07 62.1457 30.5709 -195.652
1.08 62.4514 28.6144 -189.467
1.09 62.7376 26.7197 -183.123
1.1 63.0048 24.8885 -176.584
1.11 63.2537 23.1226 -169.822
1.12 63.4849 21.4244 -162.821
1.13 63.6991 19.7962 -155.573
1.14 63.8971 18.2405 -148.079
1.15 64.0795 16.7597 -140.348
1.16 64.2471 15.3562 -132.394
1.17 64.4007 14.0323 -124.244
1.18 64.541 12.7898 -115.936
1.19 64.6689 11.6305 -107.52
1.2 64.7852 10.5553 -99.0573
1.21 64.8907 9.56468 -90.6198
1.22 64.9864 8.65848 -82.2832
1.23 65.073 7.83565 -74.1252
1.24 65.1513 7.0944 -66.2211
1.25 65.2223 6.43219 -58.6421
1.26 65.2866 5.84577 -51.4539
1.27 65.345 5.33123 -44.7164
1.28 65.3984 4.88406 -38.4839
1.29 65.4472 4.49923 -32.8054
1.3 65.4922 4.17117 -27.7239
1.31 65.5339 3.89393 -23.2748
1.32 65.5728 3.66118 -19.4838
1.33 65.6095 3.46635 -16.3633
1.34 65.6441 3.30271 -13.9094
1.35 65.6771 3.16362 -12.0998
1.36 65.7088 3.04262 -10.8929
1.37 65.7392 2.93369 -10.2298
1.38 65.7685 2.8314 -10.0385
1.39 65.7969 2.73101 -10.2393
1.4 65.8242 2.62862 -10.7505
1.41 65.8505 2.52111 -11.4937
1.42 65.8757 2.40618 -12.3975
1.43 65.8997 2.2822 -13.3995
1.44 65.9226 2.1482 -14.4469
1.45 65.944 2.00374 -15.4955
1.46 65.9641 1.84878 -16.5097
1.47 65.9826 1.68368 -17.461
1.48 65.9994 1.50907 -18.3281
1.49 66.0145 1.32579 -19.0961
1.5 66.0277 1.13483 -19.7549
1.51 66.0391 0.937283 -20.2984
1.52 66.0485 0.734299 -20.7228
1.53 66.0558 0.527071 -21.0263
1.54 66.0611 0.316808 -21.2081
1.55 66.0642 0.104727 -21.2681
1.56 66.0653 -0.107954 -21.2061
1.57 66.0642 -0.320015 -21.0223
1.58 66.061 -0.530239 -20.7169
1.59 66.0557 -0.737407 -20.2905
1.6 66.0483 -0.940312 -19.7451
1.61 66.0389 -1.13776 -19.0844
1.62 66.0276 -1.32861 -18.3147
1.63 66.0143 -1.51175 -17.4448
1.64 65.9992 -1.6862 -16.4875
1.65 65.9823 -1.85108 -15.4581
1.66 65.9638 -2.00566 -14.3747
1.67 65.9437 -2.14941 -13.2556
1.68 65.9222 -2.28196 -12.1177
1.69 65.8994 -2.40314 -10.9753
1.7 65.8754 -2.51289 -9.83924
1.71 65.8503 -2.61128 -8.71744
1.72 65.8241 -2.69846 -7.61577
1.73 65.7972 -2.77462 -6.53882
1.74 65.7694 -2.84 -5.49027
1.75 65.741 -2.89491 -4.47239
1.76 65.7121 -2.93963 -3.48537
1.77 65.6827 -2.97448 -2.52668
1.78 65.6529 -2.99975 -1.5911
1.79 65.6229 -3.01566 -0.671208
1.8 65.5928 -3.02237 0.241798
1.81 65.5625 -3.01996 1.1573
1.82 65.5323 -3.00838 2.08448
1.83 65.5023 -2.98754 3.03151
1.84 65.4724 -2.95722 4.0047
1.85 65.4428 -2.91718 5.00768
1.86 65.4136 -2.8671 6.04049
1.87 65.385 -2.80669 7.09881
1.88 65.3569 -2.73571 8.17335
1.89 65.3295 -2.65397 9.24942
1.9 65.303 -2.56148 10.307
1.91 65.2774 -2.45841 11.321
1.92 65.2528 -2.3452 12.2627
1.93 65.2294 -2.22257 13.101
1.94 65.2071 -2.09156 13.8052
1.95 65.1862 -1.95351 14.3477
1.96 65.1667 -1.81003 14.707
1.97 65.1486 -1.66296 14.8693
1.98 65.1319 -1.51427 14.8288
1.99 65.1168 -1.36598 14.586
2 65.1031 -1.22012 14.1445
2.01 65.0909 -1.07868 13.5089
2.02 65.0802 -0.94359 12.6833
2.03 65.0707 -0.816757 11.6717
2.04 65.0626 -0.700039 10.4789
2.05 65.0555 -0.59525 9.11233
2.06 65.0496 -0.504127 7.58424
2.07 65.0446 -0.428285 5.91299
2.08 65.0403 -0.369155 4.12389
2.09 65.0366 -0.327916 2.265
2.1 65.0333 -0.305266 0.441705
2.11 65.0302 -0.300849 -1.25099
2.12 65.0272 -0.313359 -2.74397
2.13 65.0241 -0.340798 -3.99119
2.14 65.0207 -0.38071 -4.96728
2.15 65.0169 -0.430383 -5.66519
2.16 65.0126 -0.487035 -6.09373
2.17 65.0077 -0.547972 -6.27468
2.18 65.0022 -0.610719 -6.23959
2.19 64.9961 -0.673115 -6.02618
2.2 64.9894 -0.733377 -5.67463
2.21 64.9821 -0.790123 -5.22413
2.22 64.9742 -0.842364 -4.71002
2.23 64.9657 -0.889465 -4.16212
2.24 64.9568 -0.931086 -3.60442
2.25 64.9475 -0.96713 -3.05582
2.26 64.9379 -0.997688 -2.53128
2.27 64.9279 -1.023 -2.04275
2.28 64.9177 -1.04343 -1.59952
2.29 64.9072 -1.05942 -1.20792
2.3 64.8966 -1.0715 -0.870919
2.31 64.8859 -1.08021 -0.587674
2.32 64.8751 -1.08609 -0.353318
2.33 64.8643 -1.08962 -0.159028
2.34 64.8534 -1.09121 0.0076372
2.35 64.8424 -1.09114 0.162179
2.36 64.8315 -1.08951 0.322449
2.37 64.8206 -1.08629 0.507867
2.38 64.8098 -1.08121 0.738635
2.39 64.799 -1.07382 1.03107
2.4 64.7882 -1.06351 1.38514
2.41 64.7776 -1.04966 1.79558
2.42 64.7671 -1.03171 2.25551
2.43 64.7568 -1.00915 2.75623
2.44 64.7467 -0.981589 3.28707
2.45 64.7369 -0.948718 3.83535
2.46 64.7274 -0.910365 4.38637
2.47 64.7183 -0.866501 4.92353
2.48 64.7096 -0.817266 5.42857
2.49 64.7014 -0.76298 5.88197
2.5 64.6938 -0.70416 6.26349
2.51 64.6868 -0.641526 6.55295
2.52 64.6804 -0.575996 6.73118
2.53 64.6746 -0.508684 6.7813
2.54 64.6695 -0.440871 6.69023
2.55 64.6651 -0.373969 6.45056
2.56 64.6614 -0.309463 6.0626
2.57 64.6583 -0.248837 5.53637
2.58 64.6558 -0.193474 4.89271
2.59 64.6538 -0.144547 4.16295
2.6 64.6524 -0.102917 3.38701
2.61 64.6514 -0.069047 2.61006
2.62 64.6507 -0.0429464 1.87839
2.63 64.6502 -0.0241625 1.23491
2.64 64.65 -0.0118134 0.714424
2.65 64.6499 -0.00466915 0.338897
2.66 64.6498 -0.00128019 0.112386
2.67 64.6498 -0.000156332 0.0156332
2.68 64.6498 0 0
2.69 64.6498 0 0
2.7 64.6498 0 0
2.71 64.6498 0 0
2.72 64.6498 0 0
2.73 64.6498 0 0
2.74 64.6498 0 0
2.75 64.6498 0 0
2.76 64.6498 0 0
2.77 64.6498 0 0
2.78 64.6498 0 0
2.79 64.6498 0 0
2.8 64.6498 0 0
2.81 64.6498 0 0
2.82 64.6498 0 0
2.83 64.6498 0 0
2.84 64.6498 0 0
2.85 64.6498 0 0
2.86 64.6498 0 0
2.87 64.6498 0 0
2.88 64.6498 0 0
2.89 64.6498 0 0
2.9 64.6498 0 0
2.91 64.6498 0 0
2.92 64.6498 0 0
2.93 64.6498 0 0
2.94 64.6498 0 0
2.95 64.6498 0 0
2.96 64.6498 0 0
2.97 64.6498 0 0
2.98 64.6498 0 0
2.99 64.6498 0 0
3 64.6498 0 0
3.01 64.6498 0 0
3.02 64.6498 0 0
3.03 64.6498 0 0
3.04 64.6498 0 0
3.05 64.6498 0 0
3.06 64.6498 0 0
3.07 64.6498 0 0
3.08 64.6498 0 0
3.09 64.6498 0 0
3.1 64.6498 0 0
3.11 64.6498 0 0
3.12 64.6498 0 0
3.13 64.6498 0 0
3.14 64.6498 0 0
3.15 64.6498 0 0
3.16 64.6498 0 0
3.17 64.6498 0 0
3.18 64.6498 0 0
3.19 64.6498 0 0
3.2 64.6498 0 0
3.21 64.6498 0 0
3.22 64.6498 0 0
3.23 64.6498 0 0
