0 84.5591 4.17534 -12.8158
0.01 84.6008 4.04718 -12.9993
0.02 84.6413 3.91718 -13.1792
0.03 84.6804 3.78539 -13.3498
0.04 84.7183 3.65189 -13.5056
0.05 84.7548 3.51684 -13.6424
0.06 84.79 3.38041 -13.7617
0.07 84.8238 3.2428 -13.8665
0.08 84.8562 3.10413 -13.9597
0.09 84.8873 2.96454 -14.045
0.1 84.9169 2.82409 -14.1262
0.11 84.9452 2.68282 -14.2078
0.12 84.972 2.54074 -14.2949
0.13 84.9974 2.3978 -14.3934
0.14 85.0214 2.25386 -14.5101
0.15 85.0439 2.10876 -14.6517
0.16 85.065 1.96224 -14.8238
0.17 85.0846 1.81401 -15.0317
0.18 85.1028 1.66369 -15.281
0.19 85.1194 1.51088 -15.5775
0.2 85.1345 1.3551 -15.9279
0.21 85.148 1.19582 -16.3402
0.22 85.16 1.03242 -16.8247
0.23 85.1703 0.864175 -17.397
0.24 85.179 0.690206 -18.0822
0.25 85.1859 0.509383 -18.9261
0.26 85.191 0.320123 -20.0122
0.27 85.1942 0.12 -21.4829
0.28 85.1954 -0.094829 -23.5165
0.29 85.1944 -0.329994 -26.088
0.3 85.1911 -0.590874 -57.3867
0.31 85.1852 -1.16474 -69.6193
0.32 85.1736 -1.86093 -83.6251
0.33 85.155 -2.69718 -99.5107
0.34 85.128 -3.69229 -117.39
0.35 85.0911 -4.86619 -137.365
0.36 85.0424 -6.23984 -159.451
0.37 84.98 -7.83435 -183.604
0.38 84.9017 -9.67039 -209.718
0.39 84.805 -11.7676 -237.626
0.4 84.6873 -14.1438 -267.092
0.41 84.5458 -16.8147 -297.818
0.42 84.3777 -19.7929 -329.45
0.43 84.1798 -23.0874 -361.599
0.44 83.9489 -26.7034 -393.85
0.45 83.6819 -30.6419 -425.795
0.46 83.3754 -34.8999 -457.07
0.47 83.0264 -39.4706 -487.347
0.48 82.6317 -44.344 -516.327
0.49 82.1883 -49.5073 -543.739
0.5 81.6932 -54.9447 -569.327
0.51 81.1438 -60.638 -592.847
0.52 80.5374 -66.5664 -614.059
0.53 79.8717 -72.707 -632.732
0.54 79.1447 -79.0344 -648.641
0.55 78.3543 -85.5208 -661.573
0.56 77.4991 -92.1365 -671.327
0.57 76.5777 -98.8498 -677.717
0.58 75.5892 -105.627 -680.57
0.59 74.533 -112.433 -679.728
0.6 73.4086 -119.23 -675.047
0.61 72.2163 -125.98 -666.398
0.62 70.9565 -132.644 -653.665
0.63 69.6301 -139.181 -636.751
0.64 68.2383 -145.549 -615.582
0.65 66.7828 -151.704 -590.11
0.66 65.2658 -157.605 -560.325
0.67 63.6897 -163.209 -526.258
0.68 62.0576 -168.471 -487.987
0.69 60.3729 -173.351 -445.646
0.7 58.6394 -177.808 -399.423
0.71 56.8613 -181.802 -349.57
0.72 55.0433 -185.298 -296.399
0.73 53.1903 -188.262 -240.284
0.74 51.3077 -190.664 -181.659
0.75 49.4011 -192.481 -121.01
0.76 47.4763 -193.691 -58.8611
0.77 45.5393 -194.28 4.23783
0.78 43.5965 -194.237 67.7281
0.79 41.6542 -193.56 131.056
0.8 39.7186 -192.249 193.688
0.81 37.7961 -190.313 255.123
0.82 35.893 -187.761 314.904
0.83 34.0153 -184.612 372.617
0.84 32.1692 -180.886 427.89
0.85 30.3604 -176.607 480.39
0.86 28.5943 -171.803 529.81
0.87 26.8763 -166.505 575.871
0.88 25.2112 -160.747 618.318
0.89 23.6037 -154.563 656.92
0.9 22.0581 -147.994 691.472
0.91 20.5782 -141.079 721.798
0.92 19.1674 -133.861 747.754
0.93 17.8287 -126.384 769.228
0.94 16.5649 -118.692 786.139
0.95 15.378 -110.83 798.437
0.96 14.2697 -102.846 806.095
0.97 13.2412 -94.7849 809.109
0.98 12.2934 -86.6938 807.498
0.99 11.4264 -78.6188 801.313
1 10.6403 -70.6057 790.637
1.01 9.9342 -62.6994 775.602
1.02 9.30721 -54.9433 756.395
1.03 8.75777 -47.3794 733.261
1.04 8.28398 -40.0468 706.508
1.05 7.88351 -32.9817 676.494
1.06 7.55369 -26.2168 643.63
1.07 7.29153 -19.7805 608.364
1.08 7.09372 -13.6968 571.18
1.09 6.95675 -7.98501 532.579
1.1 6.8769 -2.65922 493.071
1.11 6.85031 2.27149 453.153
1.12 6.87303 6.80302 413.299
1.13 6.94106 10.936 373.936
1.14 7.05042 14.6754 335.431
1.15 7.19717 18.0297 298.084
1.16 7.37747 21.0105 262.116
1.17 7.58757 23.6317 227.671
1.18 7.82389 25.9084 194.828
1.19 8.08297 27.8567 163.609
1.2 8.36154 29.4928 133.993
1.21 8.65647 30.8327 105.933
1.22 8.9648 31.892 79.3655
1.23 9.28372 32.6857 54.2283
1.24 9.61057 33.228 30.4649
1.25 9.94285 33.5326 8.03316
1.26 10.2782 33.6129 -13.0928
1.27 10.6143 33.482 -32.9222
1.28 10.9491 33.1528 -51.4492
1.29 11.2807 32.6383 -68.653
1.3 11.607 31.9518 -84.4964
1.31 11.9266 31.1068 -98.9207
1.32 12.2376 30.1176 -111.84
1.33 12.5388 28.9992 -123.138
1.34 12.8288 27.7678 -132.668
1.35 13.1065 26.4411 -140.27
1.36 13.3709 25.0384 -145.781
1.37 13.6213 23.5806 -149.071
1.38 13.8571 22.0899 -150.062
1.39 14.078 20.5893 -148.755
1.4 14.2839 19.1017 -145.241
1.41 14.4749 17.6493 -139.704
1.42 14.6514 16.2523 -132.405
1.43 14.8139 14.9282 -123.668
1.44 14.9632 13.6916 -113.846
1.45 15.1001 12.5531 -103.303
1.46 15.2256 11.5201 -92.3888
1.47 15.3408 10.5962 -81.4233
1.48 15.4468 9.78194 -70.6874
1.49 15.5446 9.07507 -60.4201
1.5 15.6354 8.47087 -50.8198
1.51 15.7201 7.96267 -42.0474
1.52 15.7997 7.5422 -34.2287
1.53 15.8751 7.19991 -27.4545
1.54 15.9471 6.92536 -21.7793
1.55 16.0164 6.70757 -17.2177
1.56 16.0834 6.53539 -13.742
1.57 16.1488 6.39797 -11.2802
1.58 16.2128 6.28517 -9.71666
1.59 16.2756 6.188 -8.89631
1.6 16.3375 6.09904 -8.63379
1.61 16.3985 6.0127 -8.72691
1.62 16.4586 5.92543 -8.9739
1.63 16.5179 5.8357 -9.19172
1.64 16.5762 5.74378 -9.23254
1.65 16.6337 5.65145 -8.99598
1.66 16.6902 5.56149 -8.43506
1.67 16.7458 5.47714 -7.55504
1.68 16.8006 5.40159 -6.406
1.69 16.8546 5.33753 -5.0717
1.7 16.908 5.28682 -3.65731
1.71 16.9608 5.25024 -2.27722
1.72 17.0133 5.22747 -1.04364
1.73 17.0656 5.21703 -0.0568869
1.74 17.1178 5.21646 0.601136
1.75 17.1699 5.22248 0.869963
1.76 17.2222 5.23118 0.711019
1.77 17.2745 5.23829 0.10681
1.78 17.3269 5.23935 -0.94034
1.79 17.3793 5.22995 -2.40976
1.8 17.4316 5.20585 -4.26416
1.81 17.4836 5.16321 -6.45157
1.82 17.5353 5.0987 -8.90704
1.83 17.5862 5.00963 -11.5536
1.84 17.6363 4.89409 -14.3025
1.85 17.6853 4.75106 -17.0523
1.86 17.7328 4.58054 -19.6905
1.87 17.7786 4.38364 -22.0962
1.88 17.8224 4.16267 -24.1485
1.89 17.8641 3.92119 -25.7367
1.9 17.9033 3.66382 -26.7726
1.91 17.9399 3.3961 -27.1993
1.92 17.9739 3.1241 -26.9967
1.93 18.0051 2.85414 -26.1798
1.94 18.0336 2.59234 -24.8094
1.95 18.0596 2.34425 -23.0198
1.96 18.083 2.11405 -20.9446
1.97 18.1042 1.9046 -18.6963
1.98 18.1232 1.71764 -16.367
1.99 18.1404 1.55397 -14.0294
2 18.1559 1.41367 -11.7403
2.01 18.1701 1.29627 -9.54455
2.02 18.183 1.20083 -7.47927
2.03 18.195 1.12603 -5.57653
2.04 18.2063 1.07027 -3.86503
2.05 18.217 1.03162 -2.36995
2.06 18.2273 1.00792 -1.11142
2.07 18.2374 0.996804 -0.102373
2.08 18.2474 0.99578 0.653799
2.09 18.2573 1.00232 1.16497
2.1 18.2673 1.01397 1.45098
2.11 18.2775 1.02848 1.54294
2.12 18.2878 1.04391 1.48096
2.13 18.2982 1.05872 1.31041
2.14 18.3088 1.07182 1.07684
2.15 18.3195 1.08259 0.820648
2.16 18.3303 1.0908 -2.87035
2.17 18.3412 1.06209 -2.90019
2.18 18.3519 1.03309 -2.7328
2.19 18.3622 1.00576 -2.50046
2.2 18.3722 0.980758 -2.29026
2.21 18.3821 0.957855 -2.1374
2.22 18.3916 0.936481 -2.05011
2.23 18.401 0.91598 -2.02596
2.24 18.4102 0.89572 -2.05768
2.25 18.4191 0.875144 -2.13251
2.26 18.4279 0.853819 -2.23917
2.27 18.4364 0.831427 -2.36911
2.28 18.4447 0.807736 -2.51576
2.29 18.4528 0.782578 -2.67409
2.3 18.4606 0.755837 -2.84015
2.31 18.4682 0.727436 -3.01083
2.32 18.4755 0.697327 -3.18362
2.33 18.4824 0.665491 -3.35648
2.34 18.4891 0.631926 -3.52772
2.35 18.4954 0.596649 -3.69594
2.36 18.5014 0.55969 -3.85998
2.37 18.507 0.52109 -4.01888
2.38 18.5122 0.480901 -4.17184
2.39 18.517 0.439183 -4.31824
2.4 18.5214 0.396 -4.45759
2.41 18.5253 0.351424 -4.58952
2.42 18.5288 0.305529 -4.71384
2.43 18.5319 0.258391 -4.83044
2.44 18.5345 0.210086 -4.93936
2.45 18.5366 0.160693 -5.04074
2.46 18.5382 0.110285 -5.04074
