0 0 0 0
0.01 0 0 0
0.02 0 0 0
0.03 0 0 0
0.04 0 0 0
0.05 0 0 0
0.06 0 0 0
0.07 0 0 0
0.08 0 0 0
0.09 0 0 0
0.1 0 0 0
0.11 0 0 0
0.12 0 0 0
0.13 0 0 0
0.14 0 0 0
0.15 0 0 0
0.16 0 0 0
0.17 0 0 0
0.18 0 0 0
0.19 0 0 0
0.2 0 0 0
0.21 0 0 0
0.22 0 0 0
0.23 0 0 0
0.24 0 0 0
0.25 0 0 0
0.26 0 0 0
0.27 0 0 0
0.28 0 0 0
0.29 0 0 0
0.3 0 0 0
0.31 0 0 0
0.32 0 0 0
0.33 0 0 0
0.34 0 0 0
0.35 0 0 0
0.36 0 0 0
0.37 0 0 0
0.38 0 0 0
0.39 0 0 0
0.4 0 0 0
0.41 0 0 0
0.42 0 0 0
0.43 0 0 0
0.44 0 0 0
0.45 0 0 0
0.46 0 0 0
0.47 0 0 0
0.48 0 0 0
0.49 0 0 0
0.5 0 0 0
0.51 0 0 0
0.52 0 0 0
0.53 0 0 0
0.54 0 0 0
0.55 0 0 0
0.56 0 0 0
0.57 0 0 0
0.58 0 0 0
0.59 0 0 0
0.6 0 0 0
0.61 0 0 0
0.62 0 0 0
0.63 0 0 0
0.64 0 0 0
0.65 0 0 0
0.66 0 0 0
0.67 0 0 0.0446523
0.68 0 0.000446523 0.324257
0.69 4.46523e-06 0.0036891 0.994961
0.7 4.13562e-05 0.0136387 2.14095
0.71 0.000177743 0.0350482 3.78742
0.72 0.000528226 0.0729224 5.91242
0.73 0.00125745 0.132047 8.45761
0.74 0.00257792 0.216623 11.3384
0.75 0.00474414 0.330007 14.4539
0.76 0.00804421 0.474546 17.6973
0.77 0.0127897 0.651518 20.9645
0.78 0.0193049 0.861163 24.1618
0.79 0.0279165 1.10278 27.2102
0.8 0.0389443 1.37488 30.047
0.81 0.0526931 1.67535 32.6263
0.82 0.0694466 2.00162 34.9184
0.83 0.0894628 2.3508 36.9098
0.84 0.112971 2.7199 38.6041
0.85 0.14017 3.10594 40.0231
0.86 0.171229 3.50617 41.2088
0.87 0.206291 3.91826 42.2237
0.88 0.245473 4.3405 43.1518
0.89 0.288878 4.77201 44.0962
0.9 0.336599 5.21298 45.175
0.91 0.388728 5.66473 46.5154
0.92 0.445376 6.12988 48.245
0.93 0.506674 6.61233 50.4818
0.94 0.572798 7.11715 53.3235
0.95 0.643969 7.65038 56.8369
0.96 0.720473 8.21875 61.0517
0.97 0.802661 8.82927 65.9471
0.98 0.890953 9.48874 71.4218
0.99 0.985841 10.203 77.3328
1 1.08787 10.9763 83.5151
1.01 1.19763 11.8114 89.7916
1.02 1.31575 12.7094 95.9804
1.03 1.44284 13.6692 101.899
1.04 1.57953 14.6881 107.37
1.05 1.72641 15.7618 112.216
1.06 1.88403 16.884 116.27
1.07 2.05287 18.0467 119.367
1.08 2.23334 19.2404 121.357
1.09 2.42574 20.4539 122.109
1.1 2.63028 21.675 121.518
1.11 2.84703 22.8902 119.518
1.12 3.07594 24.0854 116.087
1.13 3.31679 25.2463 111.253
1.14 3.56925 26.3588 105.094
1.15 3.83284 27.4097 97.7387
1.16 4.10694 28.3871 89.3601
1.17 4.39081 29.2807 80.1634
1.18 4.68362 30.0824 70.3765
1.19 4.98444 30.7861 60.2345
1.2 5.2923 31.3885 49.9648
1.21 5.60619 31.8881 39.7712
1.22 5.92507 32.2858 29.8202
1.23 6.24793 32.584 20.229
1.24 6.57377 32.7863 11.0541
1.25 6.90163 32.8969 2.27845
1.26 7.2306 32.9197 -6.20426
1.27 7.55979 32.8576 -14.5537
1.28 7.88837 32.7121 -22.7953
1.29 8.21549 32.4841 -30.9098
1.3 8.54033 32.175 -38.8738
1.31 8.86208 31.7863 -46.6595
1.32 9.17995 31.3197 -54.235
1.33 9.49314 30.7773 -61.5648
1.34 9.80092 30.1617 -68.6105
1.35 10.1025 29.4756 -75.3299
1.36 10.3973 28.7223 -81.6743
1.37 10.6845 27.9055 -87.5845
1.38 10.9636 27.0297 -92.9875
1.39 11.2339 26.0998 -97.7953
1.4 11.4949 25.1219 -101.907
1.41 11.7461 24.1028 -105.212
1.42 11.9871 23.0507 -107.602
1.43 12.2176 21.9747 -108.976
1.44 12.4374 20.8849 -109.257
1.45 12.6462 19.7923 -108.398
1.46 12.8441 18.7084 -106.388
1.47 13.0312 17.6445 -103.26
1.48 13.2077 16.6119 -99.0887
1.49 13.3738 15.621 -93.985
1.5 13.53 14.6811 -88.0879
1.51 13.6768 13.8003 -81.5535
1.52 13.8148 12.9847 -74.5426
1.53 13.9447 12.2393 -67.2104
1.54 14.067 11.5672 -59.6997
1.55 14.1827 10.9702 -52.1395
1.56 14.2924 10.4488 -44.6478
1.57 14.3969 10.0023 -37.3359
1.58 14.4969 9.62897 -30.3111
1.59 14.5932 9.32586 -23.6769
1.6 14.6865 9.08909 -17.5294
1.61 14.7774 8.9138 -11.9519
1.62 14.8665 8.79428 -7.00978
1.63 14.9545 8.72418 -2.74559
1.64 15.0417 8.69673 0.822408
1.65 15.1287 8.70495 3.69939
1.66 15.2157 8.74194 5.91008
1.67 15.3031 8.80104 7.49309
1.68 15.3911 8.87598 8.49474
1.69 15.4799 8.96092 8.96355
1.7 15.5695 9.05056 8.94618
1.71 15.66 9.14002 8.48476
1.72 15.7514 9.22487 7.61561
1.73 15.8437 9.30102 6.36944
1.74 15.9367 9.36472 4.77299
1.75 16.0303 9.41245 2.85137
1.76 16.1244 9.44096 0.63118
1.77 16.2189 9.44727 -1.85634
1.78 16.3133 9.42871 -4.5724
1.79 16.4076 9.38299 -7.46908
1.8 16.5014 9.3083 -10.4896
1.81 16.5945 9.2034 -13.5701
1.82 16.6866 9.0677 -16.6425
1.83 16.7772 8.90127 -19.636
1.84 16.8663 8.70491 -22.4796
1.85 16.9533 8.48012 -25.1038
1.86 17.0381 8.22908 -27.4439
1.87 17.1204 7.95464 -29.4428
1.88 17.1999 7.66021 -31.0527
1.89 17.2765 7.34969 -32.2361
1.9 17.35 7.02733 -32.965
1.91 17.4203 6.69768 -33.221
1.92 17.4873 6.36547 -32.9954
1.93 17.5509 6.03551 -32.2912
1.94 17.6113 5.7126 -31.1251
1.95 17.6684 5.40135 -29.5295
1.96 17.7224 5.10606 -27.5518
1.97 17.7735 4.83054 -25.2546
1.98 17.8218 4.57799 -22.7134
1.99 17.8676 4.35086 -20.0132
2 17.9111 4.15073 -17.2445
2.01 17.9526 3.97828 -14.4983
2.02 17.9924 3.8333 -11.8596
2.03 18.0307 3.7147 -9.40283
2.04 18.0679 3.62067 -7.18724
2.05 18.1041 3.5488 -5.25442
2.06 18.1396 3.49626 -3.62767
2.07 18.1745 3.45998 -2.31287
2.08 18.2091 3.43685 -1.30088
2.09 18.2435 3.42384 -0.570931
2.1 18.2777 3.41813 -0.0945917
2.11 18.3119 3.41719 0.160437
2.12 18.3461 3.41879 0.22746
2.13 18.3803 3.42107 0.139476
2.14 18.4145 3.42246 -0.0707552
2.15 18.4487 3.42175 -0.370206
2.16 18.4829 3.41805 -0.725559
2.17 18.5171 3.4108 -1.10427
2.18 18.5512 3.39975 -1.47653
2.19 18.5852 3.38499 -1.81729
2.2 18.6191 3.36682 -2.10776
2.21 18.6527 3.34574 -2.33573
2.22 18.6862 3.32238 -2.49522
2.23 18.7194 3.29743 -2.58597
2.24 18.7524 3.27157 -2.61316
2.25 18.7851 3.24544 -2.5875
2.26 18.8175 3.21956 -2.52514
2.27 18.8497 3.19431 -2.44727
2.28 18.8817 3.16984 -2.3791
2.29 18.9134 3.14605 -2.34834
2.3 18.9448 3.12256 -2.38306
2.31 18.9761 3.09873 -2.50935
2.32 19.0071 3.07364 -2.74893
2.33 19.0378 3.04615 -3.11722
2.34 19.0683 3.01498 -3.62184
2.35 19.0984 2.97876 -4.2615
2.36 19.1282 2.93614 -5.0251
2.37 19.1576 2.88589 -5.89117
2.38 19.1864 2.82698 -6.82804
2.39 19.2147 2.7587 -7.79523
2.4 19.2423 2.68075 -8.74117
2.41 19.2691 2.59334 -9.596
2.42 19.295 2.49738 -10.2963
2.43 19.32 2.39441 -10.7951
2.44 19.3439 2.28646 -11.0602
2.45 19.3668 2.17586 -11.0711
2.46 19.3886 2.06515 -10.817
2.47 19.4092 1.95698 -10.3114
2.48 19.4288 1.85386 -9.62479
2.49 19.4473 1.75762 -8.82481
2.5 19.4649 1.66937 -7.96347
2.51 19.4816 1.58973 -7.08063
2.52 19.4975 1.51893 -6.20613
2.53 19.5127 1.45687 -5.3613
2.54 19.5272 1.40325 -4.56035
2.55 19.5413 1.35765 3.16203
2.56 19.5548 1.38927 1.90067
2.57 19.5687 1.40828 0.865511
2.58 19.5828 1.41693 0.151734
2.59 19.597 1.41845 -0.287436
2.6 19.6112 1.41557 -0.524788
2.61 19.6253 1.41033 -0.62018
2.62 19.6394 1.40413 -0.615916
2.63 19.6535 1.39797 -0.540807
2.64 19.6675 1.39256 -0.414626
2.65 19.6814 1.38841 -0.251321
2.66 19.6953 1.3859 -0.0611222
2.67 19.7091 1.38529 0.148082
2.68 19.723 1.38677 0.369834
2.69 19.7368 1.39047 0.598508
2.7 19.7508 1.39645 0.828588
2.71 19.7647 1.40474 1.05355
2.72 19.7788 1.41527 1.26708
2.73 19.7929 1.42794 1.46371
2.74 19.8072 1.44258 1.6387
2.75 19.8216 1.45897 1.78794
2.76 19.8362 1.47685 1.90771
2.77 19.851 1.49592 1.99573
2.78 19.8659 1.51588 2.05441
2.79 19.8811 1.53643 2.08719
2.8 19.8965 1.5573 2.0975
2.81 19.912 1.57827 2.08871
2.82 19.9278 1.59916 2.0642
2.83 19.9438 1.6198 2.02728
2.84 19.96 1.64007 1.98126
2.85 19.9764 1.65989 1.98126
