0 -4.9577 -6.8436 219.731
0.01 -5.02614 -4.6463 219.768
0.02 -5.0726 -2.44862 219.746
0.03 -5.09708 -0.25116 219.646
0.04 -5.0996 1.9453 219.453
0.05 -5.08014 4.13983 219.156
0.06 -5.03875 6.33139 218.745
0.07 -4.97543 8.51883 218.212
0.08 -4.89024 10.701 217.553
0.09 -4.78323 12.8765 216.766
0.1 -4.65447 15.0441 215.852
0.11 -4.50403 17.2027 214.815
0.12 -4.332 19.3508 213.662
0.13 -4.13849 21.4874 212.406
0.14 -3.92362 23.6115 211.062
0.15 -3.6875 25.7221 209.653
0.16 -3.43028 27.8186 208.199
0.17 -3.1521 29.9006 206.728
0.18 -2.85309 31.9679 205.27
0.19 -2.53341 34.0206 203.864
0.2 -2.1932 36.0592 202.56
0.21 -1.83261 38.0848 201.42
0.22 -1.45176 40.099 200.527
0.23 -1.05077 42.1043 199.989
0.24 -0.629731 44.1042 199.954
0.25 -0.188689 46.1037 200.618
0.26 0.272349 48.1099 202.224
0.27 0.753448 50.1322 204.996
0.28 1.25477 52.1821 208.907
0.29 1.77659 54.2712 213.208
0.3 2.3193 56.4033 150.295
0.31 2.88334 57.9062 137.412
0.32 3.4624 59.2803 122.784
0.33 4.0552 60.5082 106.469
0.34 4.66028 61.5729 88.5661
0.35 5.27601 62.4585 69.2147
0.36 5.9006 63.1507 48.5889
0.37 6.5321 63.6366 26.8949
0.38 7.16847 63.9055 4.36819
0.39 7.80753 63.9492 -18.729
0.4 8.44702 63.7619 -42.1124
0.41 9.08464 63.3408 -65.4842
0.42 9.71804 62.6859 -88.5475
0.43 10.3449 61.8005 -111.028
0.44 10.9629 60.6902 -132.705
0.45 11.5698 59.3631 -153.42
0.46 12.1634 57.8289 -173.015
0.47 12.7417 56.0988 -191.363
0.48 13.3027 54.1852 -208.384
0.49 13.8446 52.1013 -224.046
0.5 14.3656 49.8609 -238.356
0.51 14.8642 47.4773 -251.354
0.52 15.339 44.9638 -263.096
0.53 15.7886 42.3328 -273.642
0.54 16.2119 39.5964 -283.046
0.55 16.6079 36.7659 -291.343
0.56 16.9756 33.8525 -298.548
0.57 17.3141 30.867 -304.659
0.58 17.6227 27.8204 -309.66
0.59 17.901 24.7238 -313.534
0.6 18.1482 21.5885 -316.272
0.61 18.3641 18.4258 -317.879
0.62 18.5483 15.247 -318.38
0.63 18.7008 12.0632 -317.82
0.64 18.8214 8.88499 -316.257
0.65 18.9103 5.72242 -313.755
0.66 18.9675 2.58487 -310.374
0.67 18.9934 -0.518874 -306.162
0.68 18.9882 -3.58049 -301.149
0.69 18.9524 -6.59198 -295.354
0.7 18.8864 -9.54552 -288.787
0.71 18.791 -12.4334 -281.464
0.72 18.6667 -15.248 -273.411
0.73 18.5142 -17.9821 -264.671
0.74 18.3344 -20.6288 -255.309
0.75 18.1281 -23.1819 -245.408
0.76 17.8962 -25.636 -235.062
0.77 17.6399 -27.9866 -224.369
0.78 17.36 -30.2303 -213.416
0.79 17.0577 -32.3645 -202.273
0.8 16.7341 -34.3872 -190.986
0.81 16.3902 -36.2971 -179.569
0.82 16.0272 -38.0928 -168.011
0.83 15.6463 -39.7729 -156.282
0.84 15.2486 -41.3357 -144.339
0.85 14.8352 -42.7791 -132.145
0.86 14.4074 -44.1006 -119.673
0.87 13.9664 -45.2973 -106.92
0.88 13.5134 -46.3665 -93.9047
0.89 13.0498 -47.3055 -80.6691
0.9 12.5767 -48.1122 -67.274
0.91 12.0956 -48.785 -53.792
0.92 11.6078 -49.3229 -40.3001
0.93 11.1145 -49.7259 -26.8742
0.94 10.6173 -49.9946 -13.586
0.95 10.1173 -50.1305 -0.502671
0.96 9.61602 -50.1355 12.3123
0.97 9.11466 -50.0124 24.7982
0.98 8.61454 -49.7644 36.8975
0.99 8.11689 -49.3954 48.5574
1 7.62294 -48.9099 59.7335
1.01 7.13384 -48.3125 70.3928
1.02 6.65071 -47.6086 80.5155
1.03 6.17463 -46.8034 90.0952
1.04 5.70659 -45.9025 99.1368
1.05 5.24757 -44.9111 107.654
1.06 4.79846 -43.8346 115.662
1.07 4.36011 -42.678 123.18
1.08 3.93333 -41.4462 130.217
1.09 3.51887 -40.144 136.777
1.1 3.11743 -38.7762 142.849
1.11 2.72967 -37.3477 148.41
1.12 2.35619 -35.8636 153.418
1.13 1.99755 -34.3295 157.817
1.14 1.65426 -32.7513 161.539
1.15 1.32675 -31.1359 164.513
1.16 1.01539 -29.4908 166.669
1.17 0.720481 -27.8241 167.947
1.18 0.44224 -26.1446 168.299
1.19 0.180794 -24.4616 167.694
1.2 -0.0638217 -22.7847 166.118
1.21 -0.291668 -21.1235 163.575
1.22 -0.502903 -19.4877 160.083
1.23 -0.697781 -17.8869 155.676
1.24 -0.87665 -16.3301 150.399
1.25 -1.03995 -14.8262 144.313
1.26 -1.18821 -13.383 137.493
1.27 -1.32204 -12.0081 130.026
1.28 -1.44212 -10.7078 122.02
1.29 -1.5492 -9.48763 113.594
1.3 -1.64408 -8.35169 104.883
1.31 -1.72759 -7.30286 96.0262
1.32 -1.80062 -6.3426 87.1659
1.33 -1.86405 -5.47094 78.4393
1.34 -1.91876 -4.68655 69.9745
1.35 -1.96562 -3.9868 61.8856
1.36 -2.00549 -3.36794 54.2685
1.37 -2.03917 -2.82526 47.1974
1.38 -2.06742 -2.35329 40.7222
1.39 -2.09096 -1.94606 34.8675
1.4 -2.11042 -1.59739 29.6346
1.41 -2.12639 -1.30104 25.0053
1.42 -2.1394 -1.05099 20.9472
1.43 -2.14991 -0.841516 17.4192
1.44 -2.15833 -0.667324 14.3752
1.45 -2.165 -0.523573 11.7673
1.46 -2.17024 -0.405899 9.54778
1.47 -2.1743 -0.310422 7.67069
1.48 -2.1774 -0.233715 6.0932
1.49 -2.17974 -0.172783 4.77616
1.5 -2.18146 -0.125021 3.6843
1.51 -2.18271 -0.0881782 2.78644
1.52 -2.1836 -0.0603138 2.05571
1.53 -2.1842 -0.0397567 1.46966
1.54 -2.1846 -0.0250601 1.00976
1.55 -2.18485 -0.0149625 0.660797
1.56 -2.185 -0.00835452 0.410777
1.57 -2.18508 -0.00424675 0.251699
1.58 -2.18512 -0.00172976 0.181084
1.59 -2.18514 8.10848e-05 0.203575
1.6 -2.18514 0.00211683 0.33166
1.61 -2.18512 0.00543344 0.584691
1.62 -2.18506 0.0112803 0.986085
1.63 -2.18495 0.0211412 1.55923
1.64 -2.18474 0.0367335 2.32298
1.65 -2.18437 0.0599633 3.28783
1.66 -2.18377 0.0928416 4.45355
1.67 -2.18284 0.137377 5.80851
1.68 -2.18147 0.195462 7.33071
1.69 -2.17952 0.268769 8.98973
1.7 -2.17683 0.358667 10.7494
1.71 -2.17324 0.46616 12.57
1.72 -2.16858 0.59186 14.4108
1.73 -2.16266 0.735968 16.2306
1.74 -2.1553 0.898274 17.9885
1.75 -2.14632 1.07816 19.6439
1.76 -2.13554 1.2746 21.1561
1.77 -2.12279 1.48616 22.4844
1.78 -2.10793 1.711 23.5892
1.79 -2.09082 1.9469 24.4326
1.8 -2.07135 2.19122 24.9811
1.81 -2.04944 2.44103 25.2087
1.82 -2.02503 2.69312 25.1001
1.83 -1.9981 2.94412 24.6537
1.84 -1.96866 3.19066 23.884
1.85 -1.93675 3.4295 22.8208
1.86 -1.90245 3.65771 21.5062
1.87 -1.86588 3.87277 19.9904
1.88 -1.82715 4.07267 18.3262
1.89 -1.78642 4.25593 16.5648
1.9 -1.74386 4.42158 14.7521
1.91 -1.69965 4.5691 12.9263
1.92 -1.65396 4.69837 11.1169
1.93 -1.60697 4.80954 9.34415
1.94 -1.55888 4.90298 7.61932
1.95 -1.50985 4.97917 5.94587
1.96 -1.46006 5.03863 4.3205
1.97 -1.40967 5.08183 2.73455
1.98 -1.35885 5.10918 1.17555
1.99 -1.30776 5.12093 -0.371395
2 -1.25655 5.11722 -1.92218
2.01 -1.20538 5.098 -3.49239
2.02 -1.1544 5.06308 -5.09593
2.03 -1.10377 5.01212 -6.74363
2.04 -1.05365 4.94468 -8.44175
2.05 -1.0042 4.86026 -10.1905
2.06 -0.955597 4.75836 -11.9829
2.07 -0.908014 4.63853 -13.8032
2.08 -0.861628 4.5005 -15.6267
2.09 -0.816624 4.34423 -17.4185
2.1 -0.773181 4.17004 -19.1336
2.11 -0.731481 3.97871 -20.7171
2.12 -0.691694 3.77154 -22.1071
2.13 -0.653978 3.55047 -23.2378
2.14 -0.618474 3.31809 -24.0466
2.15 -0.585293 3.07762 -24.4801
2.16 -0.554517 2.83282 -24.5005
2.17 -0.526188 2.58782 -24.0894
2.18 -0.50031 2.34692 -23.2479
2.19 -0.476841 2.11444 -21.9957
2.2 -0.455697 1.89449 -20.3671
2.21 -0.436752 1.69082 -18.4214
2.22 -0.419844 1.5066 -16.2698
2.23 -0.404778 1.3439 -14.0159
2.24 -0.391339 1.20374 -11.7429
2.25 -0.379301 1.08632 -9.51719
2.26 -0.368438 0.991143 -7.39201
2.27 -0.358527 0.917223 -5.41033
2.28 -0.349354 0.86312 -3.60736
2.29 -0.340723 0.827046 -2.01195
2.3 -0.332453 0.806927 -0.646818
2.31 -0.324383 0.800459 0.472242
2.32 -0.316379 0.805181 1.3377
2.33 -0.308327 0.818558 1.95171
2.34 -0.300141 0.838075 2.32697
2.35 -0.291761 0.861345 2.48679
2.36 -0.283147 0.886213 2.46391
2.37 -0.274285 0.910852 2.29826
2.38 -0.265177 0.933834 2.03353
2.39 -0.255838 0.95417 1.71308
2.4 -0.246297 0.971301 1.37546
2.41 -0.236584 0.985055 1.05072
2.42 -0.226733 0.995562 0.758187
2.43 -0.216777 1.00314 0.506359
2.44 -0.206746 1.00821 0.29463
2.45 -0.196664 1.01115 0.115808
2.46 -0.186552 1.01231 -0.0415812
2.47 -0.176429 1.0119 -0.191707
2.48 -0.16631 1.00998 -0.350469
2.49 -0.15621 1.00647 -0.53477
2.5 -0.146146 1.00113 -0.761837
2.51 -0.136134 0.993509 -1.04526
2.52 -0.126199 0.983056 -1.3844
2.53 -0.116369 0.969212 -1.77398
2.54 -0.106677 0.951472 -2.20719
2.55 -0.0971619 0.9294 -2.67551
2.56 -0.0878679 0.902645 -3.16861
2.57 -0.0788414 0.870959 -3.6743
2.58 -0.0701318 0.834216 -4.17859
2.59 -0.0617897 0.79243 -4.66578
2.6 -0.0538654 0.745772 -5.11877
2.61 -0.0464077 0.694585 -5.51945
2.62 -0.0394618 0.63939 -5.84924
2.63 -0.0330679 0.580898 -6.08988
2.64 -0.0272589 0.519999 -6.22438
2.65 -0.0220589 0.457755 -6.23828
2.66 -0.0174814 0.395372 -6.1211
2.67 -0.0135277 0.334161 -5.86816
2.68 -0.0101861 0.27548 -5.48245
2.69 -0.00743126 0.220655 -4.9761
2.7 -0.0052247 0.170894 -4.37075
2.71 -0.00351576 0.127187 -3.6967
2.72 -0.00224389 0.0902198 -2.9906
2.73 -0.0013417 0.0603138 -2.2924
2.74 -0.000738557 0.0373898 -1.6418
2.75 -0.000364659 0.0209718 -1.07468
2.76 -0.000154941 0.010225 -0.619354
2.77 -5.26909e-05 0.00403147 -0.292838
2.78 -1.23762e-05 0.00110309 -0.0968557
2.79 -1.34531e-06 0.000134531 -0.0134531
2.8 0 0 0
2.81 0 0 0
2.82 0 0 0
2.83 0 0 0
2.84 0 0 0
2.85 0 0 0
2.86 0 0 0
2.87 0 0 0
2.88 0 0 0
2.89 0 0 0
2.9 0 0 0
2.91 0 0 0
2.92 0 0 0
2.93 0 0 0
2.94 0 0 0
2.95 0 0 0
2.96 0 0 0
2.97 0 0 0
2.98 0 0 0
2.99 0 0 0
3 0 0 0
3.01 0 0 0
3.02 0 0 0
3.03 0 0 0
3.04 0 0 0
3.05 0 0 0
3.06 0 0 0
3.07 0 0 0
3.08 0 0 0
3.09 0 0 0
3.1 0 0 0
3.11 0 0 0
3.12 0 0 0
3.13 0 0 0
3.14 0 0 0
3.15 0 0 0
3.16 0 0 0
3.17 0 0 0
3.18 0 0 0
3.19 0 0 0
3.2 0 0 0
3.21 0 0 0
3.22 0 0 0
3.23 0 0 0
