0 -2.87281 -0.439848 6.94344
0.01 -2.87721 -0.370414 6.93386
0.02 -2.88092 -0.301075 6.91933
0.03 -2.88393 -0.231882 6.89887
0.04 -2.88625 -0.162894 6.87161
0.05 -2.88788 -0.0941774 6.83676
0.06 -2.88882 -0.0258098 6.7936
0.07 -2.88908 0.0421262 6.74149
0.08 -2.88865 0.109541 6.67988
0.09 -2.88756 0.17634 6.60832
0.1 -2.88579 0.242423 6.52644
0.11 -2.88337 0.307688 6.43398
0.12 -2.88029 0.372027 6.33082
0.13 -2.87657 0.435336 6.21694
0.14 -2.87222 0.497505 6.09252
0.15 -2.86725 0.55843 5.95793
0.16 -2.86166 0.618009 5.8138
0.17 -2.85548 0.676147 5.66111
0.18 -2.84872 0.732759 5.50129
0.19 -2.84139 0.787771 5.33644
0.2 -2.83351 0.841136 5.16952
0.21 -2.8251 0.892831 5.00476
0.22 -2.81617 0.942879 4.84813
0.23 -2.80675 0.99136 4.70805
0.24 -2.79683 1.03844 4.59614
0.25 -2.78645 1.0844 4.52791
0.26 -2.7756 1.12968 4.52215
0.27 -2.76431 1.1749 4.59656
0.28 -2.75256 1.22087 4.75286
0.29 -2.74035 1.2684 4.9524
0.3 -2.72767 1.31792 1.95556
0.31 -2.71449 1.33748 2.27842
0.32 -2.70111 1.36026 2.70592
0.33 -2.68751 1.38732 3.21708
0.34 -2.67364 1.41949 3.79334
0.35 -2.65944 1.45742 4.42281
0.36 -2.64487 1.50165 5.10369
0.37 -2.62985 1.55269 5.84629
0.38 -2.61432 1.61115 6.67338
0.39 -2.59821 1.67789 7.61928
0.4 -2.58143 1.75408 8.72849
0.41 -2.56389 1.84136 10.0543
0.42 -2.54548 1.94191 11.6577
0.43 -2.52606 2.05848 13.6067
0.44 -2.50547 2.19455 15.9765
0.45 -2.48353 2.35432 18.8506
0.46 -2.45999 2.54282 22.3214
0.47 -2.43456 2.76604 26.4911
0.48 -2.4069 3.03095 31.4704
0.49 -2.37659 3.34565 37.3761
0.5 -2.34313 3.71941 44.3257
0.51 -2.30594 4.16267 52.428
0.52 -2.26431 4.68695 61.7719
0.53 -2.21744 5.30467 72.4134
0.54 -2.16439 6.0288 84.3638
0.55 -2.10411 6.87244 97.5795
0.56 -2.03538 7.84823 111.954
0.57 -1.9569 8.96778 127.314
0.58 -1.86722 10.2409 143.434
0.59 -1.76481 11.6753 160.1
0.6 -1.64806 13.2763 177.093
0.61 -1.5153 15.0472 194.184
0.62 -1.36483 16.989 211.141
0.63 -1.19493 19.1004 227.734
0.64 -1.00393 21.3778 243.739
0.65 -0.790153 23.8152 258.938
0.66 -0.552001 26.4045 273.121
0.67 -0.287956 29.1358 286.081
0.68 0.00340202 31.9966 297.622
0.69 0.323368 34.9728 307.56
0.7 0.673095 38.0484 315.726
0.71 1.05358 41.2056 321.974
0.72 1.46564 44.4254 326.184
0.73 1.90989 47.6872 328.275
0.74 2.38676 50.97 328.204
0.75 2.89646 54.252 325.968
0.76 3.43898 57.5117 321.608
0.77 4.0141 60.7278 315.193
0.78 4.62138 63.8797 306.819
0.79 5.26017 66.9479 296.59
0.8 5.92965 69.9138 284.609
0.81 6.62879 72.7599 270.969
0.82 7.35639 75.4696 255.747
0.83 8.11108 78.027 239.006
0.84 8.89136 80.4171 220.795
0.85 9.69553 82.6251 201.164
0.86 10.5218 84.6367 180.166
0.87 11.3681 86.4384 157.869
0.88 12.2325 88.017 134.357
0.89 13.1127 89.3606 109.731
0.9 14.0063 90.4579 84.107
0.91 14.9109 91.299 57.6048
0.92 15.8239 91.875 30.3469
0.93 16.7426 92.1785 2.45398
0.94 17.6644 92.2031 -25.955
0.95 18.5864 91.9435 -54.7596
0.96 19.5059 91.3959 -83.8331
0.97 20.4198 90.5576 -113.038
0.98 21.3254 89.4272 -142.22
0.99 22.2197 88.005 -171.206
1 23.0997 86.2929 -199.801
1.01 23.9627 84.2949 -227.789
1.02 24.8056 82.017 -254.935
1.03 25.6258 79.4677 -281
1.04 26.4205 76.6577 -305.75
1.05 27.187 73.6002 -328.972
1.06 27.923 70.3105 -350.486
1.07 28.6261 66.8056 -370.155
1.08 29.2942 63.1041 -387.881
1.09 29.9252 59.2253 -403.608
1.1 30.5175 55.1892 -417.317
1.11 31.0694 51.016 -429.019
1.12 31.5795 46.7258 -438.755
1.13 32.0468 42.3383 -446.6
1.14 32.4702 37.8723 -452.655
1.15 32.8489 33.3457 -457.051
1.16 33.1824 28.7752 -459.944
1.17 33.4701 24.1758 -461.507
1.18 33.7119 19.5607 -461.929
1.19 33.9075 14.9414 -461.4
1.2 34.0569 10.3274 -460.105
1.21 34.1602 5.72637 -458.211
1.22 34.2174 1.14426 -455.858
1.23 34.2289 -3.41432 -453.148
1.24 34.1947 -7.9458 -450.141
1.25 34.1153 -12.4472 -446.851
1.26 33.9908 -16.9157 -443.243
1.27 33.8216 -21.3481 -439.233
1.28 33.6082 -25.7405 -434.692
1.29 33.3508 -30.0874 -429.454
1.3 33.0499 -34.3819 -423.325
1.31 32.7061 -38.6152 -416.1
1.32 32.3199 -42.7762 -407.574
1.33 31.8922 -46.8519 -397.555
1.34 31.4236 -50.8275 -385.875
1.35 30.9154 -54.6862 -372.396
1.36 30.3685 -58.4102 -357.017
1.37 29.7844 -61.9804 -339.68
1.38 29.1646 -65.3772 -320.374
1.39 28.5108 -68.5809 -299.142
1.4 27.825 -71.5723 -276.08
1.41 27.1093 -74.3331 -251.336
1.42 26.366 -76.8465 -225.099
1.43 25.5975 -79.0975 -197.602
1.44 24.8065 -81.0735 -169.11
1.45 23.9958 -82.7646 -139.912
1.46 23.1681 -84.1637 -110.314
1.47 22.3265 -85.2669 -80.6258
1.48 21.4738 -86.0731 -51.1449
1.49 20.6131 -86.5846 -22.1477
1.5 19.7473 -86.806 6.12067
1.51 18.8792 -86.7448 33.4524
1.52 18.0117 -86.4103 59.6806
1.53 17.1476 -85.8135 84.681
1.54 16.2895 -84.9667 108.371
1.55 15.4398 -83.883 130.704
1.56 14.601 -82.5759 151.666
1.57 13.7752 -81.0593 171.262
1.58 12.9647 -79.3467 189.509
1.59 12.1712 -77.4516 206.423
1.6 11.3967 -75.3873 222.014
1.61 10.6428 -73.1672 236.281
1.62 9.91113 -70.8044 249.21
1.63 9.20309 -68.3123 260.774
1.64 8.51996 -65.7045 270.932
1.65 7.86292 -62.9952 279.626
1.66 7.23296 -60.199 286.788
1.67 6.63097 -57.3311 292.34
1.68 6.05766 -54.4077 296.201
1.69 5.51359 -51.4457 298.3
1.7 4.99913 -48.4627 298.588
1.71 4.5145 -45.4768 297.04
1.72 4.05974 -42.5064 293.667
1.73 3.63467 -39.5697 288.508
1.74 3.23897 -36.6846 281.636
1.75 2.87213 -33.8683 273.148
1.76 2.53345 -31.1368 263.165
1.77 2.22208 -28.5051 251.826
1.78 1.93703 -25.9869 239.296
1.79 1.67716 -23.5939 225.758
1.8 1.44122 -21.3363 211.418
1.81 1.22785 -19.2222 196.499
1.82 1.03563 -17.2572 181.24
1.83 0.863061 -15.4448 165.884
1.84 0.708613 -13.7859 150.67
1.85 0.570754 -12.2792 135.827
1.86 0.447962 -10.921 121.566
1.87 0.338752 -9.70532 108.072
1.88 0.241699 -8.62459 95.5076
1.89 0.155453 -7.66952 84.0009
1.9 0.0787576 -6.82951 73.6486
1.91 0.0104626 -6.09302 64.5103
1.92 -0.0504676 -5.44792 56.6084
1.93 -0.104947 -4.88183 49.9304
1.94 -0.153765 -4.38253 44.4341
1.95 -0.19759 -3.93819 40.0548
1.96 -0.236972 -3.53764 36.6847
1.97 -0.272349 -3.17079 34.1173
1.98 -0.304057 -2.82962 32.16
1.99 -0.332353 -2.50802 30.6562
2 -0.357433 -2.20146 29.4762
2.01 -0.379448 -1.9067 28.5114
2.02 -0.398515 -1.62158 27.6713
2.03 -0.414731 -1.34487 26.8822
2.04 -0.428179 -1.07605 26.0858
2.05 -0.43894 -0.815191 25.238
2.06 -0.447092 -0.562811 24.3077
2.07 -0.45272 -0.319734 23.2758
2.08 -0.455917 -0.0869767 22.1337
2.09 -0.456787 0.13436 20.8824
2.1 -0.455443 0.343184 19.5305
2.11 -0.452011 0.538489 18.093
2.12 -0.446627 0.71942 16.5893
2.13 -0.439432 0.885313 15.042
2.14 -0.430579 1.03573 13.4762
2.15 -0.420222 1.1705 11.9181
2.16 -0.408517 1.28968 10.3931
2.17 -0.39562 1.39361 8.92428
2.18 -0.381684 1.48285 7.52997
2.19 -0.366856 1.55815 6.22281
2.2 -0.351274 1.62038 5.00886
2.21 -0.33507 1.67047 3.88755
2.22 -0.318366 1.70934 2.85168
2.23 -0.301272 1.73786 1.88737
2.24 -0.283894 1.75673 0.974143
2.25 -0.266326 1.76647 0.0850678
2.26 -0.248662 1.76733 -0.80599
2.27 -0.230988 1.75927 -1.70341
2.28 -0.213396 1.74223 -2.60807
2.29 -0.195973 1.71615 -3.52228
2.3 -0.178812 1.68093 -4.44773
2.31 -0.162003 1.63645 -5.38324
2.32 -0.145638 1.58262 -6.32265
2.33 -0.129812 1.51939 -7.25327
2.34 -0.114618 1.44686 -8.15548
2.35 -0.100149 1.3653 -9.00335
2.36 -0.0864963 1.27527 -9.76629
2.37 -0.0737436 1.17761 -10.4111
2.38 -0.0619675 1.0735 -10.9042
2.39 -0.0512326 0.964455 -11.2132
2.4 -0.041588 0.852322 -11.3097
2.41 -0.0330648 0.739226 -11.1711
2.42 -0.0256725 0.627515 -10.7842
2.43 -0.0193974 0.519674 -10.1484
2.44 -0.0142006 0.41819 -9.27927
2.45 -0.0100187 0.325397 -8.21067
2.46 -0.00676477 0.24329 -6.99436
2.47 -0.00433186 0.173347 -5.69702
2.48 -0.00259839 0.116377 -4.39466
2.49 -0.00143463 0.07243 -3.16564
2.5 -0.000710327 0.0407737 -2.08287
2.51 -0.00030259 0.019945 -1.20584
2.52 -0.00010314 0.00788662 -0.572347
2.53 -2.42736e-05 0.00216315 -0.189893
2.54 -2.64217e-06 0.000264217 -0.0264217
2.55 0 0 0
2.56 0 0 0
2.57 0 0 0
2.58 0 0 0
2.59 0 0 0
2.6 0 0 0
2.61 0 0 0
2.62 0 0 0
2.63 0 0 0
2.64 0 0 0
2.65 0 0 0
2.66 0 0 0
2.67 0 0 0
2.68 0 0 0
2.69 0 0 0
2.7 0 0 0
2.71 0 0 0
2.72 0 0 0
2.73 0 0 0
2.74 0 0 0
2.75 0 0 0
2.76 0 0 0
2.77 0 0 0
2.78 0 0 0
2.79 0 0 0
2.8 0 0 0
2.81 0 0 0
2.82 0 0 0
2.83 0 0 0
2.84 0 0 0
2.85 0 0 0
2.86 0 0 0
2.87 0 0 0
2.88 0 0 0
2.89 0 0 0
2.9 0 0 0
2.91 0 0 0
2.92 0 0 0
2.93 0 0 0
2.94 0 0 0
2.95 0 0 0
2.96 0 0 0
2.97 0 0 0
2.98 0 0 0
2.99 0 0 0
3 0 0 0
3.01 0 0 0
3.02 0 0 0
3.03 0 0 0
3.04 0 0 0
3.05 0 0 0
3.06 0 0 0
3.07 0 0 0
3.08 0 0 0
3.09 0 0 0
3.1 0 0 0
3.11 0 0 0
3.12 0 0 0
3.13 0 0 0
3.14 0 0 0
3.15 0 0 0
3.16 0 0 0
3.17 0 0 0
3.18 0 0 0
3.19 0 0 0
3.2 0 0 0
3.21 0 0 0
3.22 0 0 0
3.23 0 0 0
3.24 0 0 0
3.25 0 0 0
3.26 0 0 0
3.27 0 0 0
3.28 0 0 0
3.29 0 0 0
3.3 0 0 0
3.31 0 0 0
3.32 0 0 0
3.33 0 0 0
3.34 0 0 0
3.35 0 0 0
3.36 0 0 0
3.37 0 0 0
3.38 0 0 0
