0 -40.45 -1.01444 7.61994
0.01 -40.4602 -0.938241 7.75174
0.02 -40.4695 -0.860724 7.88855
0.03 -40.4781 -0.781838 8.02936
0.04 -40.486 -0.701545 8.17321
0.05 -40.493 -0.619813 8.31919
0.06 -40.4992 -0.536621 8.46644
0.07 -40.5045 -0.451956 8.61412
0.08 -40.5091 -0.365815 8.76145
0.09 -40.5127 -0.278201 8.90769
0.1 -40.5155 -0.189124 9.05211
0.11 -40.5174 -0.0986027 9.19403
0.12 -40.5184 -0.00666233 9.33281
0.13 -40.5184 0.0866658 9.46779
0.14 -40.5176 0.181344 9.59835
0.15 -40.5158 0.277327 9.72381
0.16 -40.513 0.374565 9.84346
0.17 -40.5092 0.473 9.9565
0.18 -40.5045 0.572565 10.062
0.19 -40.4988 0.673185 10.1588
0.2 -40.4921 0.774773 10.2456
0.21 -40.4843 0.877229 10.3208
0.22 -40.4755 0.980437 10.3829
0.23 -40.4657 1.08427 10.4312
0.24 -40.4549 1.18858 10.468
0.25 -40.443 1.29326 10.5034
0.26 -40.4301 1.39829 10.567
0.27 -40.4161 1.50396 10.7276
0.28 -40.4011 1.61124 11.1138
0.29 -40.3849 1.72238 11.8605
0.3 -40.3677 1.84098 24.0684
0.31 -40.3493 2.08167 29.1913
0.32 -40.3285 2.37358 35.4026
0.33 -40.3048 2.7276 42.7809
0.34 -40.2775 3.15541 51.3808
0.35 -40.2459 3.66922 61.2183
0.36 -40.2092 4.2814 72.2765
0.37 -40.1664 5.00417 84.505
0.38 -40.1164 5.84922 97.8174
0.39 -40.0579 6.82739 112.09
0.4 -39.9896 7.9483 127.164
0.41 -39.9101 9.21994 142.847
0.42 -39.8179 10.6484 158.918
0.43 -39.7114 12.2376 175.141
0.44 -39.5891 13.989 191.269
0.45 -39.4492 15.9017 207.058
0.46 -39.2902 17.9723 222.272
0.47 -39.1104 20.195 236.687
0.48 -38.9085 22.5618 250.093
0.49 -38.6829 25.0628 262.304
0.5 -38.4322 27.6858 273.154
0.51 -38.1554 30.4174 282.512
0.52 -37.8512 33.2425 290.281
0.53 -37.5188 36.1453 296.403
0.54 -37.1573 39.1093 300.856
0.55 -36.7662 42.1179 303.645
0.56 -36.3451 45.1543 304.805
0.57 -35.8935 48.2024 304.387
0.58 -35.4115 51.2462 302.461
0.59 -34.899 54.2709 299.105
0.6 -34.3563 57.2619 294.399
0.61 -33.7837 60.2059 288.413
0.62 -33.1816 63.09 281.193
0.63 -32.5507 65.902 272.747
0.64 -31.8917 68.6294 263.051
0.65 -31.2054 71.2599 252.102
0.66 -30.4928 73.781 239.891
0.67 -29.755 76.1799 226.391
0.68 -28.9932 78.4438 211.572
0.69 -28.2088 80.5595 195.404
0.7 -27.4032 82.5135 177.876
0.71 -26.5781 84.2923 158.998
0.72 -25.7351 85.8823 138.813
0.73 -24.8763 87.2704 117.394
0.74 -24.0036 88.4443 94.847
0.75 -23.1192 89.3928 71.3049
0.76 -22.2252 90.1059 46.925
0.77 -21.3242 90.5751 21.8875
0.78 -20.4184 90.794 -3.60381
0.79 -19.5105 90.7579 -29.3198
0.8 -18.6029 90.4647 -55.0052
0.81 -17.6983 89.9147 -80.3814
0.82 -16.7991 89.1109 -105.155
0.83 -15.908 88.0593 -129.029
0.84 -15.0274 86.769 -151.718
0.85 -14.1597 85.2519 -172.956
0.86 -13.3072 83.5223 -192.509
0.87 -12.472 81.5972 -210.179
0.88 -11.656 79.4954 -225.811
0.89 -10.8611 77.2373 -239.3
0.9 -10.0887 74.8443 -250.597
0.91 -9.34023 72.3383 -259.705
0.92 -8.61685 69.7413 -266.684
0.93 -7.91944 67.0745 -271.641
0.94 -7.24869 64.3581 -274.719
0.95 -6.60511 61.6109 -276.085
0.96 -5.989 58.85 -275.921
0.97 -5.4005 56.0908 -274.411
0.98 -4.8396 53.3467 -271.737
0.99 -4.30613 50.6293 -268.068
1 -3.79984 47.9486 -263.565
1.01 -3.32035 45.313 -258.372
1.02 -2.86722 42.7293 -252.614
1.03 -2.43993 40.2031 -246.396
1.04 -2.0379 37.7392 -239.801
1.05 -1.6605 35.3412 -232.882
1.06 -1.30709 33.0123 -225.669
1.07 -0.976968 30.7556 -218.169
1.08 -0.669412 28.574 -210.372
1.09 -0.383672 26.4702 -202.266
1.1 -0.11897 24.4476 -193.836
1.11 0.125506 22.5092 -185.074
1.12 0.350598 20.6585 -175.981
1.13 0.557183 18.8987 -166.575
1.14 0.746169 17.2329 -156.892
1.15 0.918499 15.664 -146.994
1.16 1.07514 14.1941 -136.971
1.17 1.21708 12.8243 -126.935
1.18 1.34532 11.555 -117.014
1.19 1.46087 10.3849 -107.341
1.2 1.56472 9.31144 -98.0457
1.21 1.65784 8.33099 -89.2407
1.22 1.74115 7.43858 -81.0192
1.23 1.81553 6.62839 -73.4494
1.24 1.88182 5.89389 -66.5754
1.25 1.94075 5.22814 -60.4181
1.26 1.99304 4.62396 -54.9796
1.27 2.03928 4.07416 -50.2458
1.28 2.08002 3.5717 -46.1896
1.29 2.11573 3.10981 -42.7708
1.3 2.14683 2.6821 -39.9364
1.31 2.17365 2.28274 -37.6197
1.32 2.19648 1.90654 -35.7423
1.33 2.21555 1.54912 -34.2161
1.34 2.23104 1.20695 -32.9488
1.35 2.24311 0.877467 -31.8495
1.36 2.25188 0.558971 -30.8364
1.37 2.25747 0.250607 -29.8429
1.38 2.25998 -0.0478217 -28.823
1.39 2.2595 -0.336051 -27.7551
1.4 2.25614 -0.613602 -26.6418
1.41 2.25 -0.88002 -25.5069
1.42 2.2412 -1.13509 -24.3885
1.43 2.22985 -1.37897 -23.3316
1.44 2.21606 -1.61229 -22.3808
1.45 2.19994 -1.8361 -21.5736
1.46 2.18158 -2.05183 -20.936
1.47 2.16106 -2.26119 -20.4804
1.48 2.13845 -2.466 -20.2037
1.49 2.11379 -2.66803 -20.0882
1.5 2.08711 -2.86892 -20.1027
1.51 2.05842 -3.06994 -20.2049
1.52 2.02772 -3.27199 -20.3438
1.53 1.995 -3.47543 -20.4625
1.54 1.96024 -3.68006 -20.5003
1.55 1.92344 -3.88506 -20.3945
1.56 1.88459 -4.089 -20.0825
1.57 1.8437 -4.28983 -19.5043
1.58 1.8008 -4.48487 -18.6068
1.59 1.75596 -4.67094 -17.3495
1.6 1.70925 -4.84443 -15.7093
1.61 1.6608 -5.00153 -13.6853
1.62 1.61079 -5.13838 -11.3007
1.63 1.5594 -5.25139 -8.60133
1.64 1.50689 -5.3374 -5.65321
1.65 1.45351 -5.39393 -2.53732
1.66 1.39958 -5.41931 0.655386
1.67 1.34538 -5.41275 3.82948
1.68 1.29125 -5.37446 6.89059
1.69 1.23751 -5.30555 9.75086
1.7 1.18445 -5.20804 12.3338
1.71 1.13237 -5.08471 14.5776
1.72 1.08153 -4.93893 16.4367
1.73 1.03214 -4.77456 17.8815
1.74 0.984392 -4.59575 18.8964
1.75 0.938435 -4.40678 19.4785
1.76 0.894367 -4.212 19.6363
1.77 0.852247 -4.01563 19.3896
1.78 0.812091 -3.82174 18.769
1.79 0.773873 -3.63405 17.8163
1.8 0.737533 -3.45589 16.5838
1.81 0.702974 -3.29005 15.146
1.82 0.670074 -3.13859 13.6281
1.83 0.638688 -3.00231 12.1463
1.84 0.608665 -2.88084 10.7939
1.85 0.579856 -2.7729 9.6401
1.86 0.552127 -2.6765 8.73074
1.87 0.525362 -2.5892 8.08761
1.88 0.49947 -2.50832 7.70953
1.89 0.474387 -2.43122 7.57458
1.9 0.450075 -2.35548 7.64353
1.91 0.42652 -2.27904 7.86431
1.92 0.40373 -2.2004 8.17743
1.93 0.381726 -2.11863 8.52192
1.94 0.360539 -2.03341 8.84105
1.95 0.340205 -1.945 9.08727
1.96 0.320755 -1.85412 9.22534
1.97 0.302214 -1.76187 9.23372
1.98 0.284595 -1.66953 9.10385
1.99 0.2679 -1.57849 8.83763
2 0.252115 -1.49012 8.44436
2.01 0.237214 -1.40567 7.93809
2.02 0.223157 -1.32629 7.33628
2.03 0.209894 -1.25293 6.65963
2.04 0.197365 -1.18633 5.93232
2.05 0.185502 -1.12701 5.18198
2.06 0.174231 -1.07519 4.43929
2.07 0.163479 -1.0308 3.73686
2.08 0.153171 -0.99343 3.10772
2.09 0.143237 -0.962353 2.58329
2.1 0.133614 -0.93652 2.19152
2.11 0.124248 -0.914605 1.95185
2.12 0.115102 -0.895087 1.86415
2.13 0.106152 -0.876445 1.91815
2.14 0.0973871 -0.857263 2.09723
2.15 0.0888144 -0.836291 2.37963
2.16 0.0804515 -0.812495 2.74018
2.17 0.0723266 -0.785093 3.15236
2.18 0.0644757 -0.753569 3.59015
2.19 0.05694 -0.717668 4.02947
2.2 0.0497633 -0.677373 4.44868
2.21 0.0429896 -0.632886 4.82832
2.22 0.0366607 -0.584603 5.15036
2.23 0.0308147 -0.5331 5.39771
2.24 0.0254837 -0.479122 5.55428
2.25 0.0206924 -0.42358 5.60577
2.26 0.0164566 -0.367522 5.54086
2.27 0.0127814 -0.312113 5.35273
2.28 0.00966029 -0.258586 5.04078
2.29 0.00707442 -0.208178 4.6124
2.3 0.00499264 -0.162054 4.08409
2.31 0.0033721 -0.121213 3.48139
2.32 0.00215997 -0.0863995 2.83738
2.33 0.00129597 -0.0580257 2.18997
2.34 0.000715713 -0.036126 1.5783
2.35 0.000354454 -0.0203429 1.03892
2.36 0.000151025 -0.00995373 0.601691
2.37 5.14875e-05 -0.00393681 0.285681
2.38 1.21193e-05 -0.00108 0.0948069
2.39 1.31933e-06 -0.000131933 0.0131933
2.4 0 0 0
2.41 0 0 0
2.42 0 0 0
2.43 0 0 0
2.44 0 0 0
2.45 0 0 0
2.46 0 0 0
2.47 0 0 0
2.48 0 0 0
2.49 0 0 0
2.5 0 0 0
2.51 0 0 0
2.52 0 0 0
2.53 0 0 0
2.54 0 0 0
2.55 0 0 0
2.56 0 0 0
2.57 0 0 0
2.58 0 0 0
2.59 0 0 0
2.6 0 0 0
2.61 0 0 0
2.62 0 0 0
2.63 0 0 0
2.64 0 0 0
2.65 0 0 0
2.66 0 0 0
2.67 0 0 0
2.68 0 0 0
2.69 0 0 0
2.7 0 0 0
2.71 0 0 0
2.72 0 0 0
2.73 0 0 0
2.74 0 0 0
2.75 0 0 0
2.76 0 0 0
2.77 0 0 0
2.78 0 0 0
2.79 0 0 0
2.8 0 0 0
2.81 0 0 0
2.82 0 0 0
2.83 0 0 0
2.84 0 0 0
2.85 0 0 0
