0 -54.2161 -2.59914 14.6679
0.01 -54.2421 -2.45246 15.1027
0.02 -54.2666 -2.30143 15.5633
0.03 -54.2896 -2.1458 16.0482
0.04 -54.3111 -1.98532 16.5563
0.05 -54.3309 -1.81975 17.0862
0.06 -54.3491 -1.64889 17.6369
0.07 -54.3656 -1.47252 18.2073
0.08 -54.3803 -1.29045 18.7964
0.09 -54.3932 -1.10249 19.4033
0.1 -54.4043 -0.908452 20.0271
0.11 -54.4133 -0.708181 20.6668
0.12 -54.4204 -0.501512 21.3216
0.13 -54.4254 -0.288297 21.9903
0.14 -54.4283 -0.0683939 22.6717
0.15 -54.429 0.158323 23.3644
0.16 -54.4274 0.391967 24.0662
0.17 -54.4235 0.632629 24.7745
0.18 -54.4172 0.880374 25.4851
0.19 -54.4084 1.13523 26.1927
0.2 -54.397 1.39715 26.8896
0.21 -54.383 1.66605 27.5653
0.22 -54.3664 1.9417 28.2071
0.23 -54.347 2.22377 28.8007
0.24 -54.3247 2.51178 29.3373
0.25 -54.2996 2.80515 29.8299
0.26 -54.2716 3.10345 30.3548
0.27 -54.2405 3.407 31.1325
0.28 -54.2065 3.71832 32.6226
0.29 -54.1693 4.04455 35.3635
0.3 -54.1288 4.39819 72.8716
0.31 -54.0849 5.1269 80.9032
0.32 -54.0336 5.93593 89.6489
0.33 -53.9742 6.83242 99.1347
0.34 -53.9059 7.82377 109.369
0.35 -53.8277 8.91746 120.341
0.36 -53.7385 10.1209 132.021
0.37 -53.6373 11.4411 144.357
0.38 -53.5229 12.8847 157.271
0.39 -53.394 14.4574 170.659
0.4 -53.2494 16.164 184.387
0.41 -53.0878 18.0078 198.3
0.42 -52.9077 19.9908 212.212
0.43 -52.7078 22.1129 225.877
0.44 -52.4867 24.3717 239.037
0.45 -52.243 26.7621 251.448
0.46 -51.9754 29.2766 262.892
0.47 -51.6826 31.9055 273.184
0.48 -51.3635 34.6373 282.183
0.49 -51.0172 37.4592 289.788
0.5 -50.6426 40.357 295.942
0.51 -50.239 43.3165 300.627
0.52 -49.8058 46.3227 303.856
0.53 -49.3426 49.3613 305.674
0.54 -48.849 52.418 306.144
0.55 -48.3248 55.4795 305.35
0.56 -47.77 58.533 303.385
0.57 -47.1847 61.5668 300.347
0.58 -46.569 64.5703 296.334
0.59 -45.9233 67.5336 291.434
0.6 -45.248 70.448 285.725
0.61 -44.5435 73.3052 279.265
0.62 -43.8104 76.0979 272.093
0.63 -43.0495 78.8188 264.23
0.64 -42.2613 81.4611 255.679
0.65 -41.4467 84.0179 246.424
0.66 -40.6065 86.4821 236.437
0.67 -39.7417 88.8465 225.671
0.68 -38.8532 91.1032 214.059
0.69 -37.9422 93.2438 201.505
0.7 -37.0097 95.2588 187.873
0.71 -36.0571 97.1376 172.967
0.72 -35.0858 98.8672 156.573
0.73 -34.0971 100.433 138.684
0.74 -33.0928 101.82 119.396
0.75 -32.0746 103.014 98.8544
0.76 -31.0444 104.002 77.2487
0.77 -30.0044 104.775 54.8014
0.78 -28.9567 105.323 31.7584
0.79 -27.9034 105.64 8.3763
0.8 -26.847 105.724 -15.0889
0.81 -25.7898 105.573 -38.3921
0.82 -24.7341 105.189 -61.3055
0.83 -23.6822 104.576 -83.6227
0.84 -22.6364 103.74 -105.159
0.85 -21.599 102.688 -125.755
0.86 -20.5721 101.431 -145.271
0.87 -19.5578 99.9782 -163.598
0.88 -18.558 98.3422 -180.652
0.89 -17.5746 96.5357 -196.382
0.9 -16.6092 94.5719 -210.77
0.91 -15.6635 92.4642 -223.832
0.92 -14.7389 90.2259 -235.61
0.93 -13.8366 87.8698 -246.174
0.94 -12.9579 85.408 -255.602
0.95 -12.1038 82.852 -263.981
0.96 -11.2753 80.2122 -271.387
0.97 -10.4732 77.4983 -277.883
0.98 -9.69822 74.7195 -283.507
0.99 -8.95103 71.8844 -288.279
1 -8.23218 69.0016 -292.195
1.01 -7.54217 66.0797 -295.237
1.02 -6.88137 63.1273 -297.376
1.03 -6.2501 60.1536 -298.58
1.04 -5.64856 57.1678 -298.814
1.05 -5.07688 54.1796 -298.046
1.06 -4.53509 51.1992 -296.251
1.07 -4.0231 48.2367 -293.41
1.08 -3.54073 45.3026 -289.513
1.09 -3.0877 42.4074 -284.565
1.1 -2.66363 39.5618 -278.582
1.11 -2.26801 36.776 -271.6
1.12 -1.90025 34.06 -263.679
1.13 -1.55965 31.4232 -254.897
1.14 -1.24542 28.8742 -245.352
1.15 -0.956678 26.4207 -235.157
1.16 -0.692471 24.0691 -224.43
1.17 -0.45178 21.8248 -213.29
1.18 -0.233532 19.6919 -201.85
1.19 -0.0366125 17.6734 -190.215
1.2 0.140122 15.7713 -178.481
1.21 0.297835 13.9865 -166.736
1.22 0.437699 12.3191 -155.064
1.23 0.56089 10.7685 -143.545
1.24 0.668575 9.33302 -132.26
1.25 0.761905 8.01042 -121.288
1.26 0.842009 6.79754 -110.707
1.27 0.909985 5.69047 -100.589
1.28 0.96689 4.68459 -90.9952
1.29 1.01374 3.77463 -81.9737
1.3 1.05148 2.9549 -73.5552
1.31 1.08103 2.21935 -65.7531
1.32 1.10322 1.56181 -58.5642
1.33 1.11884 0.976172 -51.9703
1.34 1.1286 0.456469 -45.9422
1.35 1.13317 -0.00295334 -40.4443
1.36 1.13314 -0.407396 -35.4391
1.37 1.12907 -0.761787 -30.891
1.38 1.12145 -1.0707 -26.7683
1.39 1.11074 -1.33838 -23.0435
1.4 1.09736 -1.56881 -19.6924
1.41 1.08167 -1.76574 -16.6931
1.42 1.06401 -1.93267 -14.0247
1.43 1.04468 -2.07292 -11.6657
1.44 1.02396 -2.18957 -9.59351
1.45 1.00206 -2.28551 -7.78333
1.46 0.979204 -2.36334 -6.20802
1.47 0.955571 -2.42542 -4.83804
1.48 0.931317 -2.4738 -3.64189
1.49 0.906579 -2.51022 -2.58697
1.5 0.881476 -2.53609 -1.64067
1.51 0.856116 -2.5525 -0.771727
1.52 0.830591 -2.56022 0.0482377
1.53 0.804988 -2.55973 0.842811
1.54 0.779391 -2.55131 1.6289
1.55 0.753878 -2.53502 2.41529
1.56 0.728528 -2.51086 3.20205
1.57 0.703419 -2.47884 3.98109
1.58 0.678631 -2.43903 4.73765
1.59 0.65424 -2.39166 5.45218
1.6 0.630324 -2.33713 6.10218
1.61 0.606953 -2.27611 6.6638
1.62 0.584191 -2.20947 7.11332
1.63 0.562097 -2.13834 7.42836
1.64 0.540713 -2.06406 7.58893
1.65 0.520073 -1.98817 7.592
1.66 0.500191 -1.91225 7.48304
1.67 0.481069 -1.83742 7.30108
1.68 0.462694 -1.76441 7.06939
1.69 0.44505 -1.69371 6.80144
1.7 0.428113 -1.6257 6.50536
1.71 0.411856 -1.56064 6.18662
1.72 0.39625 -1.49878 5.84931
1.73 0.381262 -1.44029 5.4966
1.74 0.366859 -1.38532 5.13079
1.75 0.353006 -1.33401 4.75348
1.76 0.339666 -1.28648 4.36578
1.77 0.326801 -1.24282 3.96875
1.78 0.314373 -1.20313 3.56399
1.79 0.302342 -1.16749 3.15423
1.8 0.290667 -1.13595 2.74379
1.81 0.279307 -1.10851 2.33886
1.82 0.268222 -1.08512 1.94735
1.83 0.257371 -1.06565 1.57832
1.84 0.246714 -1.04987 1.24124
1.85 0.236216 -1.03745 0.945004
1.86 0.225841 -1.028 0.697188
1.87 0.215561 -1.02103 0.503391
1.88 0.205351 -1.016 0.366927
1.89 0.195191 -1.01233 0.288887
1.9 0.185068 -1.00944 0.268658
1.91 0.174973 -1.00675 0.304891
1.92 0.164906 -1.0037 0.396801
1.93 0.154869 -0.999736 0.545547
1.94 0.144871 -0.994281 0.755331
1.95 0.134928 -0.986727 1.03048
1.96 0.125061 -0.976422 1.36487
1.97 0.115297 -0.962774 1.75066
1.98 0.105669 -0.945267 2.18021
1.99 0.0962165 -0.923465 2.64492
2 0.0869818 -0.897016 3.13455
2.01 0.0780117 -0.86567 3.63705
2.02 0.069355 -0.8293 4.13854
2.03 0.061062 -0.787915 4.62347
2.04 0.0531828 -0.74168 5.07488
2.05 0.045766 -0.690931 5.47477
2.06 0.0388567 -0.636183 5.80466
2.07 0.0324949 -0.578137 6.04638
2.08 0.0267135 -0.517673 6.18296
2.09 0.0215368 -0.455843 6.19992
2.1 0.0169784 -0.393844 6.08667
2.11 0.0130399 -0.332977 5.83834
2.12 0.00971015 -0.274594 5.45761
2.13 0.00696421 -0.220018 4.95627
2.14 0.00476403 -0.170455 4.35563
2.15 0.00305947 -0.126899 3.68573
2.16 0.00179048 -0.0900416 0.922201
2.17 0.000890067 -0.0808196 0.824985
2.18 8.18704e-05 -0.0725698 0.76744
2.19 -0.000643827 -0.0648954 0.730997
2.2 -0.00129278 -0.0575854 0.701852
2.21 -0.00186864 -0.0505669 0.674078
2.22 -0.0023743 -0.0438261 0.645982
2.23 -0.00281257 -0.0373663 0.617512
2.24 -0.00318623 -0.0311912 0.589078
2.25 -0.00349814 -0.0253004 0.561108
2.26 -0.00375114 -0.0196893 0.533927
2.27 -0.00394804 -0.01435 0.507742
2.28 -0.00409154 -0.00927263 0.482669
2.29 -0.00418426 -0.00444594 0.458758
2.3 -0.00422872 0.000141634 0.436014
2.31 -0.00422731 0.00450177 0.414416
2.32 -0.00418229 0.00864594 0.393928
2.33 -0.00409583 0.0125852 0.374507
2.34 -0.00396998 0.0163303 0.356105
2.35 -0.00380668 0.0198913 0.338677
2.36 -0.00360776 0.0232781 0.322182
2.37 -0.00337498 0.0264999 0.306579
2.38 -0.00310998 0.0295657 0.291836
2.39 -0.00281432 0.0324841 0.277921
2.4 -0.00248948 0.0352633 0.264809
2.41 -0.00213685 0.0379114 0.252477
2.42 -0.00175774 0.0404361 0.240909
2.43 -0.00135338 0.0428452 0.23009
2.44 -0.000924924 0.0451461 0.22001
2.45 -0.000473462 0.0473462 0.210662
2.46 0 0.0494529 0.210662
