0 -16.8456 4.04686 93.4738
0.01 -16.8051 4.9816 93.1103
0.02 -16.7553 5.91271 92.7399
0.03 -16.6962 6.8401 92.3709
0.04 -16.6278 7.76381 92.0127
0.05 -16.5501 8.68394 91.6733
0.06 -16.4633 9.60067 91.3488
0.07 -16.3673 10.5142 91.033
0.08 -16.2622 11.4245 90.7208
0.09 -16.1479 12.3317 90.4079
0.1 -16.0246 13.2358 90.0909
0.11 -15.8922 14.1367 89.7672
0.12 -15.7509 15.0344 89.4349
0.13 -15.6005 15.9287 89.0931
0.14 -15.4412 16.8196 88.7412
0.15 -15.273 17.7071 88.3789
0.16 -15.096 18.5908 88.0047
0.17 -14.9101 19.4709 87.6167
0.18 -14.7154 20.3471 87.2132
0.19 -14.5119 21.2192 86.7925
0.2 -14.2997 22.0871 86.3525
0.21 -14.0788 22.9506 85.891
0.22 -13.8493 23.8095 85.4036
0.23 -13.6112 24.6636 84.881
0.24 -13.3646 25.5124 84.3017
0.25 -13.1095 26.3554 83.6162
0.26 -12.8459 27.1916 82.7175
0.27 -12.574 28.0187 81.3984
0.28 -12.2938 28.8327 79.3507
0.29 -12.0055 29.6262 76.4567
0.3 -11.7092 30.3908 53.835
0.31 -11.4053 30.9292 48.2855
0.32 -11.096 31.412 42.4391
0.33 -10.7819 31.8364 36.2606
0.34 -10.4635 32.199 29.6701
0.35 -10.1415 32.4957 22.5696
0.36 -9.81658 32.7214 14.9981
0.37 -9.48937 32.8714 7.04614
0.38 -9.16065 32.9418 -1.18254
0.39 -8.83123 32.93 -9.57275
0.4 -8.50193 32.8343 -18.0003
0.41 -8.17359 32.6543 -26.3364
0.42 -7.84705 32.3909 -34.4548
0.43 -7.52314 32.0464 -42.2404
0.44 -7.20268 31.624 -49.5966
0.45 -6.88644 31.128 -56.4453
0.46 -6.57516 30.5636 -62.7147
0.47 -6.26952 29.9364 -68.3517
0.48 -5.97016 29.2529 -73.3274
0.49 -5.67763 28.5196 -77.6374
0.5 -5.39243 27.7432 -81.2982
0.51 -5.115 26.9303 -84.3421
0.52 -4.8457 26.0868 -86.8107
0.53 -4.58483 25.2187 -88.7492
0.54 -4.33264 24.3312 -90.2018
0.55 -4.08933 23.4292 -91.2083
0.56 -3.85504 22.5171 -91.8022
0.57 -3.62986 21.5991 -92.0095
0.58 -3.41387 20.679 -91.8466
0.59 -3.20708 19.7606 -91.3204
0.6 -3.00948 18.8474 -90.4281
0.61 -2.821 17.9431 -89.1593
0.62 -2.64157 17.0515 -87.4985
0.63 -2.47106 16.1765 -85.4283
0.64 -2.30929 15.3222 -82.9311
0.65 -2.15607 14.4929 -79.992
0.66 -2.01114 13.693 -76.6002
0.67 -1.87421 12.927 -72.7522
0.68 -1.74494 12.1995 -68.4549
0.69 -1.62295 11.5149 -63.7292
0.7 -1.5078 10.8776 -58.6138
0.71 -1.39902 10.2915 -53.1677
0.72 -1.29611 9.7598 -47.4712
0.73 -1.19851 9.28509 -41.6253
0.74 -1.10566 8.86883 -35.7481
0.75 -1.01697 8.51135 -29.9694
0.76 -0.931857 8.21166 -24.424
0.77 -0.849741 7.96742 -19.2444
0.78 -0.770066 7.77497 -14.554
0.79 -0.692317 7.62943 -10.4625
0.8 -0.616022 7.52481 -7.06173
0.81 -0.540774 7.45419 -4.42313
0.82 -0.466232 7.40996 -2.59545
0.83 -0.392133 7.38401 -1.60244
0.84 -0.318293 7.36798 -1.44081
0.85 -0.244613 7.35357 -2.07907
0.86 -0.171077 7.33278 -3.45809
0.87 -0.0977493 7.2982 -5.49396
0.88 -0.0247673 7.24326 -8.08291
0.89 0.0476653 7.16243 -11.1075
0.9 0.11929 7.05136 -14.4433
0.91 0.189803 6.90693 -17.9643
0.92 0.258873 6.72728 -21.5486
0.93 0.326145 6.5118 -25.0831
0.94 0.391263 6.26097 -28.4672
0.95 0.453873 5.97629 -31.6171
0.96 0.513636 5.66012 -34.4692
0.97 0.570237 5.31543 -36.9822
0.98 0.623391 4.94561 -39.137
0.99 0.672847 4.55424 -40.9349
1 0.71839 4.14489 -42.3928
1.01 0.759839 3.72096 -43.5378
1.02 0.797048 3.28558 -44.4017
1.03 0.829904 2.84156 -45.0163
1.04 0.85832 2.3914 -45.4095
1.05 0.882234 1.93731 -45.6026
1.06 0.901607 1.48128 -45.6085
1.07 0.91642 1.02519 -45.4315
1.08 0.926672 0.570879 -45.0685
1.09 0.93238 0.120194 -44.5104
1.1 0.933582 -0.32491 -43.7438
1.11 0.930333 -0.762348 -42.753
1.12 0.92271 -1.18988 -41.5207
1.13 0.910811 -1.60509 -40.0297
1.14 0.89476 -2.00538 -38.2647
1.15 0.874706 -2.38803 -36.2147
1.16 0.850826 -2.75018 -33.875
1.17 0.823324 -3.08893 -31.2492
1.18 0.792435 -3.40142 -28.3501
1.19 0.758421 -3.68492 -25.1993
1.2 0.721572 -3.93691 -21.8271
1.21 0.682203 -4.15518 -18.2721
1.22 0.640651 -4.3379 -14.5809
1.23 0.597272 -4.48371 -10.8075
1.24 0.552435 -4.59179 -7.01177
1.25 0.506517 -4.6619 -3.25718
1.26 0.459898 -4.69448 0.392784
1.27 0.412953 -4.69055 3.87786
1.28 0.366047 -4.65177 7.14367
1.29 0.31953 -4.58033 10.1434
1.3 0.273726 -4.4789 12.8386
1.31 0.228937 -4.35051 15.1997
1.32 0.185432 -4.19852 17.2061
1.33 0.143447 -4.02645 18.8467
1.34 0.103183 -3.83799 20.1197
1.35 0.0648027 -3.63679 21.0334
1.36 0.0284348 -3.42646 21.6059
1.37 -0.00582975 -3.2104 21.8646
1.38 -0.0379337 -2.99175 21.8453
1.39 -0.0678512 -2.7733 21.5888
1.4 -0.0955842 -2.55741 21.1382
1.41 -0.121158 -2.34603 20.5348
1.42 -0.144619 -2.14068 19.8142
1.43 -0.166025 -1.94254 19.004
1.44 -0.185451 -1.7525 18.1232
1.45 -0.202976 -1.57127 17.1837
1.46 -0.218689 -1.39943 16.1925
1.47 -0.232683 -1.23751 15.1549
1.48 -0.245058 -1.08596 14.0772
1.49 -0.255917 -0.945184 12.9677
1.5 -0.265369 -0.815507 11.8377
1.51 -0.273524 -0.69713 10.7015
1.52 -0.280496 -0.590115 9.57528
1.53 -0.286397 -0.494362 8.4761
1.54 -0.29134 -0.409601 7.42054
1.55 -0.295436 -0.335396 6.42325
1.56 -0.29879 -0.271163 5.49579
1.57 -0.301502 -0.216205 4.64589
1.58 -0.303664 -0.169746 3.87728
1.59 -0.305362 -0.130974 3.19028
1.6 -0.306671 -0.0990708 2.58285
1.61 -0.307662 -0.0732423 2.05171
1.62 -0.308394 -0.0527252 1.59328
1.63 -0.308922 -0.0367924 1.20402
1.64 -0.30929 -0.0247522 0.880417
1.65 -0.309537 -0.015948 0.618635
1.66 -0.309697 -0.00976169 0.414157
1.67 -0.309794 -0.00562012 0.261411
1.68 -0.30985 -0.00300601 0.153559
1.69 -0.30988 -0.00147043 0.0825944
1.7 -0.309895 -0.000644485 0.0398308
1.71 -0.309902 -0.000246177 0.0167393
1.72 -0.309904 -7.87846e-05 0.00588882
1.73 -0.309905 -1.98963e-05 0.00166255
1.74 -0.309905 -3.27084e-06 0.000612855
1.75 -0.309905 2.85771e-06 0.00155852
1.76 -0.309905 1.84429e-05 0.00559124
1.77 -0.309905 7.43553e-05 0.0160744
1.78 -0.309904 0.000235099 0.038555
1.79 -0.309902 0.000620649 0.0804181
1.8 -0.309896 0.00142483 0.150173
1.81 -0.309881 0.00292656 0.256452
1.82 -0.309852 0.00549108 0.406927
1.83 -0.309797 0.00956035 0.607334
1.84 -0.309702 0.0156337 0.860762
1.85 -0.309545 0.0242413 1.16728
1.86 -0.309303 0.0359141 1.52389
1.87 -0.308944 0.0511529 1.92483
1.88 -0.308432 0.0704013 2.36214
1.89 -0.307728 0.0940227 2.82626
1.9 -0.306788 0.122285 3.30676
1.91 -0.305565 0.155353 3.79284
1.92 -0.304012 0.193281 4.27365
1.93 -0.302079 0.236018 4.73839
1.94 -0.299719 0.283402 5.17633
1.95 -0.296885 0.335165 5.57671
1.96 -0.293533 0.390932 5.92883
1.97 -0.289624 0.45022 6.22217
1.98 -0.285121 0.512442 6.44672
1.99 -0.279997 0.576909 6.59361
2 -0.274228 0.642845 6.65588
2.01 -0.267799 0.709404 6.6294
2.02 -0.260705 0.775698 6.5137
2.03 -0.252948 0.840835 6.31246
2.04 -0.24454 0.90396 6.03346
2.05 -0.2355 0.964294 5.68777
2.06 -0.225857 1.02117 5.28861
2.07 -0.215646 1.07406 4.84994
2.08 -0.204905 1.12256 4.3853
2.09 -0.19368 1.16641 3.90684
2.1 -0.182015 1.20548 3.42472
2.11 -0.169961 1.23973 2.94679
2.12 -0.157563 1.26919 2.47842
2.13 -0.144872 1.29398 2.02269
2.14 -0.131932 1.31421 1.58054
2.15 -0.11879 1.33001 1.15113
2.16 -0.10549 1.34152 0.7322
2.17 -0.0920743 1.34884 0.320483
2.18 -0.0785859 1.35205 -0.0879468
2.19 -0.0650654 1.35117 -0.497288
2.2 -0.0515537 1.3462 -0.911663
2.21 -0.0380918 1.33708 -1.33476
2.22 -0.024721 1.32373 -1.76947
2.23 -0.0114837 1.30604 -2.21748
2.24 0.00157672 1.28386 -2.6789
2.25 0.0144153 1.25707 -3.15191
2.26 0.0269861 1.22555 -3.63246
2.27 0.0392416 1.18923 -4.11412
2.28 0.0511339 1.14809 -4.58801
2.29 0.0626148 1.10221 -5.04305
2.3 0.0736369 1.05178 -5.46641
2.31 0.0841547 0.997114 -5.84421
2.32 0.0941258 0.938672 -6.16267
2.33 0.103513 0.877045 -6.40932
2.34 0.112283 0.812952 -6.57439
2.35 0.120413 0.747208 -6.65182
2.36 0.127885 0.68069 -6.63973
2.37 0.134691 0.614293 -6.54027
2.38 0.140834 0.54889 -6.35892
2.39 0.146323 0.485301 -6.10354
2.4 0.151176 0.424265 -5.7836
2.41 0.155419 0.366429 -5.40937
2.42 0.159083 0.312336 -4.99149
2.43 0.162207 0.262421 -4.54068
2.44 0.164831 0.217014 -4.06769
2.45 0.167001 0.176337 -3.58328
2.46 0.168764 0.140504 -3.09827
2.47 0.170169 0.109521 -2.62352
2.48 0.171265 0.0832863 -2.16972
2.49 0.172097 0.0615891 -1.747
2.5 0.172713 0.0441191 -1.36431
2.51 0.173155 0.0304761 -1.02875
2.52 0.173459 0.0201886 -0.744945
2.53 0.173661 0.0127391 -0.514578
2.54 0.173789 0.00759333 -0.336256
2.55 0.173865 0.00423076 -0.20568
2.56 0.173907 0.00217397 -0.116172
2.57 0.173929 0.00101225 -0.0595153
2.58 0.173939 0.000417095 -0.0269974
2.59 0.173943 0.000147121 -0.0104848
2.6 0.173944 4.22733e-05 -0.00331486
2.61 0.173945 9.12473e-06 -0.000784722
2.62 0.173945 1.27751e-06 -0.000119357
2.63 0.173945 8.39408e-08 -8.39408e-06
2.64 0.173945 0 0
2.65 0.173945 0 0
2.66 0.173945 0 0
2.67 0.173945 0 -1.761e-07
2.68 0.173945 -1.761e-09 -1.4716e-05
2.69 0.173945 -1.48921e-07 -0.000184173
2.7 0.173945 -1.99065e-06 -0.00112968
2.71 0.173945 -1.32874e-05 -0.00452492
2.72 0.173945 -5.85366e-05 -0.0136998
2.73 0.173944 -0.000195535 -0.0339984
2.74 0.173942 -0.000535519 -0.0726455
2.75 0.173937 -0.00126197 -0.138106
2.76 0.173924 -0.00264304 -0.239104
2.77 0.173898 -0.00503407 -0.383525
2.78 0.173847 -0.00886932 -0.579387
2.79 0.173759 -0.0146632 -0.837737
2.8 0.173612 -0.0230406 -1.16193
2.81 0.173382 -0.0346599 -1.54006
2.82 0.173035 -0.0500605 -1.93137
2.83 0.172534 -0.0693741 -2.29946
2.84 0.171841 -0.0923687 -2.61925
2.85 0.170917 -0.118561 -2.87491
2.86 0.169731 -0.14731 -3.05796
2.87 0.168258 -0.17789 -3.16578
2.88 0.166479 -0.209548 -3.20016
2.89 0.164384 -0.241549 -3.1662
2.9 0.161968 -0.273211 -3.07128
2.91 0.159236 -0.303924 -2.92427
2.92 0.156197 -0.333167 -2.73486
2.93 0.152865 -0.360515 -2.27352
2.94 0.14926 -0.383251 -1.56923
2.95 0.145428 -0.398943 -1.13519
2.96 0.141438 -0.410295 -0.902555
2.97 0.137335 -0.41932 -0.790095
2.98 0.133142 -0.427221 -0.744852
2.99 0.12887 -0.43467 -0.737439
3 0.124523 -0.442044 -0.752114
3.01 0.120103 -0.449565 -0.780133
3.02 0.115607 -0.457367 -0.816168
3.03 0.111034 -0.465528 -0.856536
3.04 0.106378 -0.474094 -0.898343
3.05 0.101637 -0.483077 -0.939104
3.06 0.0968065 -0.492468 -0.976563
3.07 0.0918819 -0.502234 -1.00863
3.08 0.0868595 -0.51232 -1.03319
3.09 0.0817363 -0.522652 -1.04781
3.1 0.0765098 -0.53313 -1.05034
3.11 0.0711785 -0.543634 -1.03961
3.12 0.0657422 -0.55403 -1.01674
3.13 0.0602019 -0.564197 -0.983283
3.14 0.0545599 -0.57403 -0.940684
3.15 0.0488196 -0.583437 -0.890309
3.16 0.0429852 -0.59234 -0.83346
3.17 0.0370618 -0.600674 -0.771392
3.18 0.0310551 -0.608388 -0.70532
3.19 0.0249712 -0.615441 -0.636415
3.2 0.0188168 -0.621806 -0.565814
3.21 0.0125987 -0.627464 -0.49461
3.22 0.0063241 -0.63241 -0.423859
3.23 0 -0.636648 -0.423859
