0 -9.61401 2.28778 0.115815
0.01 -9.59113 2.28894 -0.181312
0.02 -9.56824 2.28713 -0.48313
0.03 -9.54537 2.2823 -0.785942
0.04 -9.52255 2.27444 -1.08586
0.05 -9.4998 2.26358 -1.3788
0.06 -9.47717 2.24979 -1.66049
0.07 -9.45467 2.23319 -1.92647
0.08 -9.43234 2.21392 -2.17205
0.09 -9.4102 2.1922 -2.39235
0.1 -9.38827 2.16828 -2.58218
0.11 -9.36659 2.14246 -2.73602
0.12 -9.34517 2.1151 -2.8479
0.13 -9.32402 2.08662 -2.91286
0.14 -9.30315 2.05749 -2.93227
0.15 -9.28258 2.02817 -2.90992
0.16 -9.26229 1.99907 -2.8499
0.17 -9.2423 1.97057 -2.75683
0.18 -9.2226 1.943 -2.63611
0.19 -9.20317 1.91664 -2.49409
0.2 -9.184 1.8917 -2.33837
0.21 -9.16508 1.86831 -2.17837
0.22 -9.1464 1.84653 -2.02666
0.23 -9.12794 1.82626 -1.90176
0.24 -9.10967 1.80725 -1.83448
0.25 -9.0916 1.7889 -1.88139
0.26 -9.07371 1.77009 -2.15137
0.27 -9.05601 1.74857 -2.84833
0.28 -9.03852 1.72009 -4.30116
0.29 -9.02132 1.67708 -6.82321
0.3 -9.00455 1.60885 -9.91209
0.31 -8.98846 1.50973 -10.7876
0.32 -8.97337 1.40185 -11.537
0.33 -8.95935 1.28648 -12.1141
0.34 -8.94648 1.16534 -12.4655
0.35 -8.93483 1.04068 -12.529
0.36 -8.92442 0.915393 -12.2352
0.37 -8.91527 0.793041 -11.5108
0.38 -8.90734 0.677933 -10.2864
0.39 -8.90056 0.575069 -8.50596
0.4 -8.89481 0.490009 -6.13977
0.41 -8.88991 0.428612 -3.19985
0.42 -8.88562 0.396613 0.244719
0.43 -8.88166 0.39906 4.07935
0.44 -8.87767 0.439854 8.23364
0.45 -8.87327 0.52219 12.6434
0.46 -8.86805 0.648625 17.2262
0.47 -8.86156 0.820886 21.8914
0.48 -8.85335 1.0398 26.5517
0.49 -8.84295 1.30532 31.1315
0.5 -8.8299 1.61663 35.5731
0.51 -8.81373 1.97236 39.8385
0.52 -8.79401 2.37075 43.9069
0.53 -8.7703 2.80982 47.77
0.54 -8.7422 3.28752 51.4254
0.55 -8.70933 3.80177 54.8712
0.56 -8.67131 4.35048 58.1041
0.57 -8.62781 4.93152 61.1203
0.58 -8.57849 5.54273 63.9201
0.59 -8.52306 6.18193 66.5129
0.6 -8.46124 6.84706 68.9221
0.61 -8.39277 7.53628 71.1875
0.62 -8.31741 8.24815 73.3642
0.63 -8.23493 8.9818 75.5179
0.64 -8.14511 9.73697 77.7162
0.65 -8.04774 10.5141 80.0196
0.66 -7.9426 11.3143 82.4706
0.67 -7.82946 12.139 85.0848
0.68 -7.70807 12.9899 87.845
0.69 -7.57817 13.8683 90.6984
0.7 -7.43949 14.7753 93.5594
0.71 -7.29173 15.7109 96.3151
0.72 -7.13462 16.6741 98.8345
0.73 -6.96788 17.6624 100.978
0.74 -6.79126 18.6722 102.61
0.75 -6.60454 19.6983 103.607
0.76 -6.40755 20.7344 103.867
0.77 -6.20021 21.773 103.315
0.78 -5.98248 22.8062 101.904
0.79 -5.75442 23.8252 99.6163
0.8 -5.51617 24.8214 96.463
0.81 -5.26795 25.786 92.4817
0.82 -5.01009 26.7108 87.7362
0.83 -4.74298 27.5882 82.3139
0.84 -4.4671 28.4113 76.323
0.85 -4.18299 29.1745 69.8886
0.86 -3.89124 29.8734 63.1474
0.87 -3.59251 30.5049 56.2414
0.88 -3.28746 31.0673 49.3113
0.89 -2.97679 31.5604 42.4875
0.9 -2.66118 31.9853 35.8812
0.91 -2.34133 32.3441 29.5753
0.92 -2.01789 32.6399 23.6168
0.93 -1.69149 32.876 18.0125
0.94 -1.36273 33.0562 12.7293
0.95 -1.03217 33.1835 7.69835
0.96 -0.700332 33.2604 2.82353
0.97 -0.367728 33.2887 -2.00747
0.98 -0.0348408 33.2686 -6.90972
0.99 0.297845 33.1995 -11.9876
1 0.62984 33.0796 -17.3237
1.01 0.960637 32.9064 -22.9711
1.02 1.2897 32.6767 -28.9506
1.03 1.61647 32.3872 -35.2509
1.04 1.94034 32.0347 -41.8318
1.05 2.26069 31.6164 -48.6288
1.06 2.57685 31.1301 -55.5592
1.07 2.88815 30.5745 -62.5279
1.08 3.19389 29.9492 -69.4323
1.09 3.49339 29.2549 -76.1661
1.1 3.78594 28.4932 -82.6223
1.11 4.07087 27.667 -88.6958
1.12 4.34754 26.78 -94.2875
1.13 4.61534 25.8372 -99.3091
1.14 4.87371 24.8441 -103.69
1.15 5.12215 23.8072 -107.381
1.16 5.36022 22.7334 -110.367
1.17 5.58756 21.6297 -112.662
1.18 5.80385 20.5031 -114.319
1.19 6.00888 19.3599 -115.425
1.2 6.20248 18.2056 -116.093
1.21 6.38454 17.0447 -116.457
1.22 6.55498 15.8801 -116.658
1.23 6.71379 14.7135 -116.836
1.24 6.86092 13.5452 -117.115
1.25 6.99637 12.374 -117.598
1.26 7.12011 11.198 -118.358
1.27 7.23209 10.0145 -119.436
1.28 7.33224 8.8201 -120.836
1.29 7.42044 7.61174 -122.532
1.3 7.49656 6.38642 -124.46
1.31 7.56042 5.14182 -126.532
1.32 7.61184 3.8765 -128.634
1.33 7.6506 2.59015 -130.637
1.34 7.67651 1.28378 -132.407
1.35 7.68934 -0.0402873 -133.807
1.36 7.68894 -1.37836 -134.713
1.37 7.67516 -2.72549 -135.012
1.38 7.6479 -4.0756 -134.613
1.39 7.60715 -5.42173 -133.448
1.4 7.55293 -6.75621 -131.477
1.41 7.48537 -8.07098 -128.687
1.42 7.40466 -9.35785 -125.091
1.43 7.31108 -10.6088 -120.728
1.44 7.20499 -11.816 -115.656
1.45 7.08683 -12.9726 -109.952
1.46 6.9571 -14.0721 -103.704
1.47 6.81638 -15.1092 -97.0096
1.48 6.66529 -16.0793 -89.969
1.49 6.5045 -16.9789 -82.6815
1.5 6.33471 -17.8058 -75.2414
1.51 6.15665 -18.5582 -67.7334
1.52 5.97107 -19.2355 -60.2306
1.53 5.77872 -19.8378 -52.7906
1.54 5.58034 -20.3657 -45.4546
1.55 5.37668 -20.8203 -38.247
1.56 5.16848 -21.2027 -31.1763
1.57 4.95645 -21.5145 -24.2368
1.58 4.74131 -21.7569 -17.4114
1.59 4.52374 -21.931 -10.6745
1.6 4.30443 -22.0377 -3.99673
1.61 4.08405 -22.0777 2.65055
1.62 3.86327 -22.0512 9.28967
1.63 3.64276 -21.9583 15.9319
1.64 3.42318 -21.799 22.5737
1.65 3.20519 -21.5732 29.1952
1.66 2.98946 -21.2813 35.7598
1.67 2.77664 -20.9237 42.2153
1.68 2.56741 -20.5015 48.4967
1.69 2.36239 -20.0166 54.5294
1.7 2.16223 -19.4713 60.2332
1.71 1.96751 -18.8689 65.526
1.72 1.77882 -18.2137 70.3267
1.73 1.59669 -17.5104 74.5577
1.74 1.42158 -16.7648 78.1471
1.75 1.25393 -15.9834 81.0306
1.76 1.0941 -15.1731 83.1545
1.77 0.94237 -14.3415 84.4785
1.78 0.798955 -13.4967 84.9791
1.79 0.663988 -12.6469 84.6518
1.8 0.537518 -11.8004 83.5135
1.81 0.419514 -10.9653 81.603
1.82 0.309861 -10.1493 78.9806
1.83 0.208369 -9.35945 75.7263
1.84 0.114774 -8.60218 71.9363
1.85 0.0287525 -7.88282 67.7181
1.86 -0.0500757 -7.20564 63.1851
1.87 -0.122132 -6.57379 58.4505
1.88 -0.18787 -5.98928 53.6219
1.89 -0.247763 -5.45307 48.7975
1.9 -0.302294 -4.96509 44.0641
1.91 -0.351944 -4.52445 39.4965
1.92 -0.397189 -4.12949 35.1576
1.93 -0.438484 -3.77791 31.0987
1.94 -0.476263 -3.46692 27.3589
1.95 -0.510932 -3.19333 23.9643
1.96 -0.542865 -2.95369 20.9277
1.97 -0.572402 -2.74441 18.2474
1.98 -0.599846 -2.56194 15.9089
1.99 -0.625466 -2.40285 13.8862
2 -0.649494 -2.26399 12.146
2.01 -0.672134 -2.14253 10.652
2.02 -0.69356 -2.03601 9.36993
2.03 -0.71392 -1.94231 8.27062
2.04 -0.733343 -1.8596 7.33212
2.05 -0.751939 -1.78628 6.54002
2.06 -0.769802 -1.72088 5.88641
2.07 -0.78701 -1.66202 5.36805
2.08 -0.803631 -1.60834 4.98419
2.09 -0.819714 -1.55849 4.73449
2.1 -0.835299 -1.51115 4.61737
2.11 -0.85041 -1.46498 4.62899
2.12 -0.86506 -1.41869 4.76295
2.13 -0.879247 -1.37106 5.01078
2.14 -0.892958 -1.32095 5.36271
2.15 -0.906167 -1.26732 5.8082
2.16 -0.91884 -1.20924 6.33617
2.17 -0.930933 -1.14588 6.93471
2.18 -0.942391 -1.07653 7.59045
2.19 -0.953157 -1.00063 8.28782
2.2 -0.963163 -0.917749 9.00832
2.21 -0.972341 -0.827665 9.73035
2.22 -0.980617 -0.730362 10.4301
2.23 -0.987921 -0.626061 11.0834
2.24 -0.994181 -0.515227 11.6691
2.25 -0.999334 -0.398535 12.1714
2.26 -1.00332 -0.276822 12.5821
2.27 -1.00609 -0.151001 12.9014
2.28 -1.0076 -0.0219871 13.1371
2.29 -1.00782 0.109384 13.3029
2.3 -1.00672 0.242413 13.4161
2.31 -1.0043 0.376574 13.495
2.32 -1.00053 0.511524 13.5563
2.33 -0.995418 0.647087 13.6133
2.34 -0.988947 0.78322 13.6748
2.35 -0.981115 0.919969 13.7443
2.36 -0.971915 1.05741 13.8205
2.37 -0.961341 1.19562 13.8981
2.38 -0.949385 1.3346 13.9689
2.39 -0.936039 1.47429 14.0225
2.4 -0.921296 1.61451 14.0468
2.41 -0.905151 1.75498 14.0288
2.42 -0.887601 1.89527 13.9543
2.43 -0.868649 2.03481 13.8087
2.44 -0.848301 2.1729 13.5767
2.45 -0.826572 2.30866 13.2431
2.46 -0.803485 2.44109 12.7935
2.47 -0.779074 2.56903 12.2154
2.48 -0.753384 2.69118 11.5001
2.49 -0.726472 2.80618 10.6446
2.5 -0.69841 2.91263 9.65349
2.51 -0.669284 3.00917 8.53933
2.52 -0.639192 3.09456 7.32251
2.53 -0.608247 3.16778 6.0298
2.54 -0.576569 3.22808 4.6925
2.55 -0.544288 3.27501 3.34429
2.56 -0.511538 3.30845 2.01912
2.57 -0.478453 3.32864 0.748639
2.58 -0.445167 3.33613 -0.440218
2.59 -0.411806 3.33173 -1.52747
2.6 -0.378488 3.31645 -2.50135
2.61 -0.345324 3.29144 -3.35853
2.62 -0.31241 3.25785 -4.10322
2.63 -0.279831 3.21682 -4.74569
2.64 -0.247663 3.16936 -5.30062
2.65 -0.215969 3.11636 -5.78543
2.66 -0.184806 3.0585 -6.21892
2.67 -0.154221 2.99631 -6.6201
2.68 -0.124257 2.93011 -7.00729
2.69 -0.0949563 2.86004 -7.39728
2.7 -0.066356 2.78607 -7.8046
2.71 -0.0384953 2.70802 -8.24079
2.72 -0.0114151 2.62561 -8.71359
2.73 0.014841 2.53848 -9.22613
2.74 0.0402258 2.44622 -9.77606
2.75 0.064688 2.34845 -10.3548
2.76 0.0881725 2.24491 -10.9474
2.77 0.110622 2.13543 -11.5329
2.78 0.131976 2.0201 -12.0864
2.79 0.152177 1.89924 -12.5818
2.8 0.171169 1.77342 -12.9965
2.81 0.188904 1.64346 -13.3143
2.82 0.205338 1.51031 -13.5289
2.83 0.220441 1.37502 -13.6441
2.84 0.234192 1.23858 -13.6725
2.85 0.246577 1.10186 -13.6333
2.86 0.257596 0.965526 -13.5484
2.87 0.267251 0.830042 -13.4398
2.88 0.275552 0.695644 -13.3263
2.89 0.282508 0.562381 -13.2078
2.9 0.288132 0.430303 -13.0333
2.91 0.292435 0.299971 -12.7594
2.92 0.295435 0.172376 -12.3638
2.93 0.297158 0.0487383 -11.8408
2.94 0.297646 -0.0696695 -11.1982
2.95 0.296949 -0.181652 -10.4543
2.96 0.295133 -0.286195 -9.6341
2.97 0.292271 -0.382536 -8.76646
2.98 0.288445 -0.4702 -7.88064
2.99 0.283743 -0.549007 -7.00365
3 0.278253 -0.619043 -6.15798
3.01 0.272063 -0.680623 -5.36029
3.02 0.265257 -0.734226 -4.6209
3.03 0.257914 -0.780435 -3.94418
3.04 0.25011 -0.819877 -3.32977
3.05 0.241911 -0.853174 -2.77438
3.06 0.233379 -0.880918 -2.27385
3.07 0.22457 -0.903657 -1.82482
3.08 0.215534 -0.921905 1.31295
3.09 0.206315 -0.908775 1.66361
3.1 0.197227 -0.892139 1.69666
3.11 0.188305 -0.875173 1.56632
3.12 0.179554 -0.859509 1.38723
3.13 0.170959 -0.845637 1.21546
3.14 0.162502 -0.833483 1.07351
3.15 0.154167 -0.822747 0.968867
3.16 0.14594 -0.813059 0.903067
3.17 0.137809 -0.804028 0.875527
3.18 0.129769 -0.795273 0.885018
3.19 0.121816 -0.786423 0.929043
3.2 0.113952 -0.777132 1.00118
3.21 0.106181 -0.767121 1.0954
3.22 0.0985096 -0.756166 1.20697
3.23 0.0909479 -0.744097 1.33208
3.24 0.083507 -0.730776 1.46759
3.25 0.0761992 -0.7161 1.6109
3.26 0.0690382 -0.699991 1.75977
3.27 0.0620383 -0.682393 1.91226
3.28 0.0552144 -0.663271 2.06669
3.29 0.0485817 -0.642604 2.22154
3.3 0.0421556 -0.620388 2.37549
3.31 0.0359517 -0.596634 2.52738
3.32 0.0299854 -0.57136 2.67615
3.33 0.0242718 -0.544598 2.82091
3.34 0.0188258 -0.516389 2.96089
3.35 0.0136619 -0.48678 3.09543
3.36 0.00879412 -0.455826 3.224
3.37 0.00423586 -0.423586 3.34619
3.38 0 -0.390124 3.34619
