0 -30.376 -0.934566 9.1498
0.01 -30.3854 -0.843068 9.24462
0.02 -30.3938 -0.750622 9.34311
0.03 -30.4013 -0.657191 9.44448
0.04 -30.4079 -0.562746 9.54803
0.05 -30.4135 -0.467266 9.65319
0.06 -30.4182 -0.370734 9.75949
0.07 -30.4219 -0.273139 9.86656
0.08 -30.4246 -0.174473 9.97414
0.09 -30.4264 -0.0747319 10.0821
0.1 -30.4271 0.0260888 10.1903
0.11 -30.4268 0.127992 10.2989
0.12 -30.4256 0.230981 10.4081
0.13 -30.4233 0.335062 10.5182
0.14 -30.4199 0.440244 10.6295
0.15 -30.4155 0.54654 10.7427
0.16 -30.41 0.653967 10.8584
0.17 -30.4035 0.76255 10.9773
0.18 -30.3959 0.872323 11.1004
0.19 -30.3872 0.983327 11.2289
0.2 -30.3773 1.09562 11.3639
0.21 -30.3664 1.20925 11.5074
0.22 -30.3543 1.32433 11.6618
0.23 -30.341 1.44095 11.8309
0.24 -30.3266 1.55926 12.0183
0.25 -30.311 1.67944 12.2337
0.26 -30.2942 1.80177 12.5032
0.27 -30.2762 1.92681 12.8871
0.28 -30.2569 2.05568 13.4956
0.29 -30.2364 2.19063 14.4348
0.3 -30.2145 2.33498 24.8886
0.31 -30.1911 2.58387 27.7728
0.32 -30.1653 2.86159 30.9617
0.33 -30.1367 3.17121 34.4763
0.34 -30.105 3.51597 38.3385
0.35 -30.0698 3.89936 42.5708
0.36 -30.0308 4.32507 47.1936
0.37 -29.9876 4.797 52.2212
0.38 -29.9396 5.31922 57.6586
0.39 -29.8864 5.8958 63.4975
0.4 -29.8274 6.53078 69.7145
0.41 -29.7621 7.22792 76.2697
0.42 -29.6899 7.99062 83.1072
0.43 -29.6099 8.82169 90.157
0.44 -29.5217 9.72326 97.3375
0.45 -29.4245 10.6966 104.56
0.46 -29.3175 11.7422 111.734
0.47 -29.2001 12.8596 118.769
0.48 -29.0715 14.0473 125.577
0.49 -28.931 15.303 132.076
0.5 -28.778 16.6238 138.188
0.51 -28.6118 18.0057 143.838
0.52 -28.4317 19.4441 148.949
0.53 -28.2373 20.9335 153.449
0.54 -28.0279 22.468 157.297
0.55 -27.8033 24.041 160.47
0.56 -27.5628 25.6457 162.951
0.57 -27.3064 27.2752 164.735
0.58 -27.0336 28.9226 165.828
0.59 -26.7444 30.5808 166.245
0.6 -26.4386 32.2433 166.014
0.61 -26.1162 33.9034 165.163
0.62 -25.7771 35.5551 163.721
0.63 -25.4216 37.1923 161.709
0.64 -25.0497 38.8094 159.131
0.65 -24.6616 40.4007 155.975
0.66 -24.2576 41.9604 152.209
0.67 -23.838 43.4825 147.785
0.68 -23.4031 44.9604 142.648
0.69 -22.9535 46.3868 136.741
0.7 -22.4897 47.7543 130.015
0.71 -22.0121 49.0544 122.433
0.72 -21.5216 50.2787 113.978
0.73 -21.0188 51.4185 104.653
0.74 -20.5046 52.465 94.4834
0.75 -19.98 53.4099 83.5151
0.76 -19.4459 54.245 71.8142
0.77 -18.9034 54.9632 59.4641
0.78 -18.3538 55.5578 46.5635
0.79 -17.7982 56.0234 33.223
0.8 -17.238 56.3557 19.5636
0.81 -16.6744 56.5513 5.71335
0.82 -16.1089 56.6084 -8.19474
0.83 -15.5428 56.5265 -22.0266
0.84 -14.9775 56.3062 -35.6502
0.85 -14.4145 55.9497 -48.9385
0.86 -13.855 55.4603 -61.771
0.87 -13.3004 54.8426 -74.0365
0.88 -12.752 54.1023 -85.6353
0.89 -12.2109 53.2459 -96.4839
0.9 -11.6785 52.2811 -106.52
0.91 -11.1557 51.2159 -115.704
0.92 -10.6435 50.0588 -124.024
0.93 -10.1429 48.8186 -131.49
0.94 -9.65473 47.5037 -138.127
0.95 -9.17969 46.1224 -143.974
0.96 -8.71847 44.6827 -149.073
0.97 -8.27164 43.1919 -153.465
0.98 -7.83972 41.6573 -157.185
0.99 -7.42315 40.0854 -160.261
1 -7.02229 38.4828 -162.711
1.01 -6.63747 36.8557 -164.545
1.02 -6.26891 35.2103 -165.765
1.03 -5.91681 33.5526 -166.372
1.04 -5.58128 31.8889 -166.364
1.05 -5.26239 30.2253 -165.742
1.06 -4.96014 28.5678 -164.509
1.07 -4.67446 26.9227 -162.672
1.08 -4.40523 25.296 -160.24
1.09 -4.15227 23.6936 -157.228
1.1 -3.91534 22.1213 -153.649
1.11 -3.69412 20.5848 -149.525
1.12 -3.48827 19.0896 -144.877
1.13 -3.29738 17.6408 -139.73
1.14 -3.12097 16.2435 -134.114
1.15 -2.95853 14.9024 -128.067
1.16 -2.80951 13.6217 -121.635
1.17 -2.67329 12.4054 -114.872
1.18 -2.54924 11.2566 -107.846
1.19 -2.43667 10.1782 -100.624
1.2 -2.33489 9.17195 -93.2772
1.21 -2.24317 8.23918 -85.8743
1.22 -2.16078 7.38044 -78.4766
1.23 -2.08698 6.59567 -71.1388
1.24 -2.02102 5.88428 -63.9085
1.25 -1.96218 5.2452 -56.8274
1.26 -1.90972 4.67692 -49.9328
1.27 -1.86296 4.17759 -43.26
1.28 -1.82118 3.745 -36.8433
1.29 -1.78373 3.37656 -30.7172
1.3 -1.74996 3.06939 -24.9158
1.31 -1.71927 2.82023 -19.472
1.32 -1.69107 2.62551 -14.4165
1.33 -1.66481 2.48135 -9.7763
1.34 -1.64 2.38358 -5.57315
1.35 -1.61616 2.32785 -1.82244
1.36 -1.59288 2.30963 1.46743
1.37 -1.56979 2.3243 4.29529
1.38 -1.54655 2.36726 6.6671
1.39 -1.52287 2.43393 8.59583
1.4 -1.49853 2.51989 10.1011
1.41 -1.47333 2.6209 11.2089
1.42 -1.44713 2.73299 11.9503
1.43 -1.4198 2.85249 12.3608
1.44 -1.39127 2.9761 12.4788
1.45 -1.36151 3.10088 12.3445
1.46 -1.3305 3.22433 11.9991
1.47 -1.29826 3.34432 11.4839
1.48 -1.26481 3.45916 10.8391
1.49 -1.23022 3.56755 10.1024
1.5 -1.19455 3.66857 9.30754
1.51 -1.15786 3.76165 8.48264
1.52 -1.12025 3.84648 7.64201
1.53 -1.08178 3.9229 6.76944
1.54 -1.04255 3.99059 5.8476
1.55 -1.00265 4.04907 4.86418
1.56 -0.962155 4.09771 3.8102
1.57 -0.921178 4.13581 2.67915
1.58 -0.87982 4.1626 1.46672
1.59 -0.838194 4.17727 0.171249
1.6 -0.796422 4.17898 -1.20559
1.61 -0.754632 4.16692 -2.65799
1.62 -0.712962 4.14034 -4.17532
1.63 -0.671559 4.09859 -5.74189
1.64 -0.630573 4.04117 -7.3368
1.65 -0.590161 3.9678 -8.93417
1.66 -0.550483 3.87846 -10.5037
1.67 -0.511699 3.77343 -12.0117
1.68 -0.473964 3.65331 -13.4227
1.69 -0.437431 3.51908 -14.7014
1.7 -0.402241 3.37207 -15.8156
1.71 -0.36852 3.21391 -16.7382
1.72 -0.336381 3.04653 -17.4491
1.73 -0.305915 2.87204 -17.9362
1.74 -0.277195 2.69268 -18.1949
1.75 -0.250268 2.51073 -18.2272
1.76 -0.225161 2.32846 -18.0411
1.77 -0.201876 2.14805 -17.6501
1.78 -0.180396 1.97154 -17.0732
1.79 -0.160681 1.80081 -16.3344
1.8 -0.142672 1.63747 -15.463
1.81 -0.126298 1.48284 -14.4922
1.82 -0.111469 1.33792 -13.457
1.83 -0.0980902 1.20335 -12.3871
1.84 -0.0860568 1.07948 -11.3116
1.85 -0.075262 0.966359 -10.2586
1.86 -0.0655984 0.863774 -9.25404
1.87 -0.0569607 0.771233 -8.3201
1.88 -0.0492484 0.688032 -7.47355
1.89 -0.042368 0.613297 -6.7248
1.9 -0.0362351 0.546049 -6.07734
1.91 -0.0307746 0.485275 -5.52786
1.92 -0.0259218 0.429997 -5.06687
1.93 -0.0216219 0.379328 -4.67991
1.94 -0.0178286 0.332529 -4.34924
1.95 -0.0145033 0.289036 -4.05574
1.96 -0.0116129 0.248479 -3.78093
1.97 -0.00912814 0.21067 -3.5087
1.98 -0.00702144 0.175583 -3.22652
1.99 -0.00526562 0.143318 -2.92604
2 -0.00383244 0.114057 -2.60342
2.01 -0.00269187 0.0880229 -2.25946
2.02 -0.00181164 0.0654284 -1.89972
2.03 -0.00115736 0.0464312 -1.53437
2.04 -0.000693044 0.0310875 -1.17748
2.05 -0.000382169 0.0193127 -0.845505
2.06 -0.000189043 0.0108576 -0.555188
2.07 -8.04664e-05 0.00530575 -0.320954
2.08 -2.7409e-05 0.00209621 -0.152166
2.09 -6.44691e-06 0.000574544 -0.0504398
2.1 -7.01464e-07 7.01464e-05 -0.00701464
2.11 0 0 0
2.12 0 0 0
2.13 0 0 0
2.14 0 0 0
2.15 0 0 0
2.16 0 0 0
2.17 0 0 0
2.18 0 0 0
2.19 0 0 0
2.2 0 0 0
2.21 0 0 0
2.22 0 0 0
2.23 0 0 0
2.24 0 0 0
2.25 0 0 0
2.26 0 0 0
2.27 0 0 0
2.28 0 0 0
2.29 0 0 0
2.3 0 0 0
2.31 0 0 0
2.32 0 0 0
2.33 0 0 0
2.34 0 0 0
2.35 0 0 0
2.36 0 0 0
2.37 0 0 0
2.38 0 0 0
2.39 0 0 0
2.4 0 0 0
2.41 0 0 0
2.42 0 0 0
2.43 0 0 0
2.44 0 0 0
2.45 0 0 0
2.46 0 0 0
2.47 0 0 0
2.48 0 0 0
2.49 0 0 0
2.5 0 0 0
2.51 0 0 0
2.52 0 0 0
2.53 0 0 0
2.54 0 0 0
2.55 0 0 0
2.56 0 0 0
2.57 0 0 0
2.58 0 0 0
2.59 0 0 0
2.6 0 0 0
2.61 0 0 0
2.62 0 0 0
2.63 0 0 0
2.64 0 0 0
2.65 0 0 0
2.66 0 0 0
2.67 0 0 0
2.68 0 0 0
2.69 0 0 0
2.7 0 0 0
2.71 0 0 0
2.72 0 0 0
2.73 0 0 0
2.74 0 0 0
2.75 0 0 0
2.76 0 0 0
2.77 0 0 0
2.78 0 0 0
2.79 0 0 0
2.8 0 0 0
2.81 0 0 0
2.82 0 0 0
2.83 0 0 0
2.84 0 0 0
2.85 0 0 0
