0 -31.3665 -0.484323 7.27004
0.01 -31.3714 -0.411622 7.47432
0.02 -31.3755 -0.336879 7.69785
0.03 -31.3788 -0.259901 7.94182
0.04 -31.3814 -0.180482 8.20754
0.05 -31.3832 -0.0984071 8.49635
0.06 -31.3842 -0.0134436 8.8097
0.07 -31.3844 0.0746534 9.14912
0.08 -31.3836 0.166145 9.5162
0.09 -31.382 0.261307 9.91203
0.1 -31.3793 0.360427 10.3353
0.11 -31.3757 0.46378 10.7841
0.12 -31.3711 0.571621 11.2561
0.13 -31.3654 0.684181 11.7487
0.14 -31.3585 0.801669 12.2589
0.15 -31.3505 0.924258 12.783
0.16 -31.3413 1.05209 13.3171
0.17 -31.3308 1.18526 13.8569
0.18 -31.3189 1.32383 14.3969
0.19 -31.3057 1.4678 14.9302
0.2 -31.291 1.6171 15.4479
0.21 -31.2748 1.77158 15.9382
0.22 -31.2571 1.93096 16.3858
0.23 -31.2378 2.09482 16.7714
0.24 -31.2168 2.26253 17.0732
0.25 -31.1942 2.43326 17.2734
0.26 -31.1699 2.606 17.3789
0.27 -31.1438 2.77979 17.4687
0.28 -31.116 2.95447 17.7696
0.29 -31.0865 3.13217 18.6335
0.3 -31.0552 3.31851 46.9879
0.31 -31.022 3.78838 51.791
0.32 -30.9841 4.30629 56.4253
0.33 -30.941 4.87055 60.7954
0.34 -30.8923 5.4785 64.8128
0.35 -30.8375 6.12663 68.3964
0.36 -30.7763 6.81059 71.4732
0.37 -30.7082 7.52533 73.9776
0.38 -30.6329 8.2651 75.8499
0.39 -30.5503 9.0236 77.0448
0.4 -30.46 9.79405 77.564
0.41 -30.3621 10.5697 77.4413
0.42 -30.2564 11.3441 76.7362
0.43 -30.143 12.1115 75.5348
0.44 -30.0218 12.8668 73.9508
0.45 -29.8932 13.6063 72.1213
0.46 -29.7571 14.3275 70.1903
0.47 -29.6138 15.0294 68.3045
0.48 -29.4635 15.7125 66.6064
0.49 -29.3064 16.3785 65.2258
0.5 -29.1426 17.0308 64.273
0.51 -28.9723 17.6735 63.8355
0.52 -28.7956 18.3119 63.976
0.53 -28.6125 18.9516 64.7334
0.54 -28.4229 19.599 66.1248
0.55 -28.227 20.2602 68.1472
0.56 -28.0244 20.9417 70.7796
0.57 -27.8149 21.6495 73.9842
0.58 -27.5984 22.3893 77.7074
0.59 -27.3746 23.1664 81.8798
0.6 -27.1429 23.9852 86.418
0.61 -26.903 24.8494 91.2259
0.62 -26.6545 25.7616 96.1978
0.63 -26.3969 26.7236 101.221
0.64 -26.1297 27.7358 106.182
0.65 -25.8523 28.7977 110.966
0.66 -25.5644 29.9073 115.466
0.67 -25.2653 31.062 119.582
0.68 -24.9547 32.2578 123.229
0.69 -24.6321 33.4901 126.333
0.7 -24.2972 34.7534 128.838
0.71 -23.9496 36.0418 130.696
0.72 -23.5892 37.3488 131.873
0.73 -23.2157 38.6675 132.336
0.74 -22.8291 39.9909 132.054
0.75 -22.4292 41.3114 130.993
0.76 -22.016 42.6213 129.116
0.77 -21.5898 43.9125 126.387
0.78 -21.1507 45.1764 122.769
0.79 -20.6989 46.4041 118.237
0.8 -20.2349 47.5864 112.776
0.81 -19.759 48.7142 106.383
0.82 -19.2719 49.778 99.0741
0.83 -18.7741 50.7688 90.8784
0.84 -18.2664 51.6775 81.8398
0.85 -17.7497 52.4959 72.0135
0.86 -17.2247 53.2161 61.4632
0.87 -16.6925 53.8307 50.2582
0.88 -16.1542 54.3333 38.471
0.89 -15.6109 54.718 26.1757
0.9 -15.0637 54.9798 13.4481
0.91 -14.5139 55.1142 0.366585
0.92 -13.9628 55.1179 -12.9852
0.93 -13.4116 54.9881 -26.5169
0.94 -12.8617 54.7229 -40.1297
0.95 -12.3145 54.3216 -53.7163
0.96 -11.7713 53.7844 -67.162
0.97 -11.2334 53.1128 -80.3472
0.98 -10.7023 52.3093 -93.1506
0.99 -10.1792 51.3778 -105.453
1 -9.66542 50.3233 -117.139
1.01 -9.16219 49.1519 -128.101
1.02 -8.67067 47.8709 -138.24
1.03 -8.19196 46.4885 -147.467
1.04 -7.72708 45.0138 -155.698
1.05 -7.27694 43.4568 -162.858
1.06 -6.84237 41.8283 -168.877
1.07 -6.42409 40.1395 -173.697
1.08 -6.02269 38.4025 -177.265
1.09 -5.63867 36.6299 -179.547
1.1 -5.27237 34.8344 -180.524
1.11 -4.92403 33.0292 -180.2
1.12 -4.59373 31.2272 -178.602
1.13 -4.28146 29.4412 -175.782
1.14 -3.98705 27.6833 -171.813
1.15 -3.71022 25.9652 -166.791
1.16 -3.45056 24.2973 -160.83
1.17 -3.20759 22.689 -154.059
1.18 -2.9807 21.1484 -146.613
1.19 -2.76922 19.6823 -138.635
1.2 -2.57239 18.2959 -130.27
1.21 -2.38944 16.9932 -121.659
1.22 -2.2195 15.7766 -112.946
1.23 -2.06174 14.6472 -104.265
1.24 -1.91526 13.6045 -95.7495
1.25 -1.77922 12.647 -87.5216
1.26 -1.65275 11.7718 -79.6945
1.27 -1.53503 10.9749 -72.3674
1.28 -1.42528 10.2512 -65.6289
1.29 -1.32277 9.59491 -59.5695
1.3 -1.22682 8.99922 -54.249
1.31 -1.13683 8.45673 -49.6888
1.32 -1.05226 7.95984 -45.8745
1.33 -0.972663 7.5011 -42.7609
1.34 -0.897652 7.07349 -40.2782
1.35 -0.826917 6.67071 -38.3402
1.36 -0.76021 6.2873 -36.8515
1.37 -0.697337 5.91879 -35.7139
1.38 -0.638149 5.56165 -34.8313
1.39 -0.582533 5.21334 -34.1129
1.4 -0.530399 4.87221 -33.4762
1.41 -0.481677 4.53745 -32.8488
1.42 -0.436303 4.20896 -32.1697
1.43 -0.394213 3.88726 -31.3902
1.44 -0.355341 3.57336 -30.4741
1.45 -0.319607 3.26862 -29.3973
1.46 -0.286921 2.97464 -28.1477
1.47 -0.257174 2.69317 -26.7236
1.48 -0.230243 2.42593 -25.1338
1.49 -0.205983 2.17459 -23.3967
1.5 -0.184238 1.94063 -21.5389
1.51 -0.164831 1.72524 -19.5944
1.52 -0.147579 1.5293 -17.6027
1.53 -0.132286 1.35327 -15.6067
1.54 -0.118753 1.1972 -13.6506
1.55 -0.106781 1.0607 -11.778
1.56 -0.0961743 0.942915 -10.0297
1.57 -0.0867451 0.842618 -8.44227
1.58 -0.0783189 0.758196 -7.04446
1.59 -0.070737 0.687751 -5.85105
1.6 -0.0638595 0.629241 -4.86753
1.61 -0.0575671 0.580565 -4.0918
1.62 -0.0517614 0.539647 -3.51439
1.63 -0.0463649 0.504503 -3.11886
1.64 -0.0413199 0.473315 -2.88258
1.65 -0.0365868 0.444489 -2.7779
1.66 -0.0321419 0.41671 -2.77395
1.67 -0.0279748 0.38897 -2.83862
1.68 -0.0240851 0.360584 -2.94061
1.69 -0.0204792 0.331178 -3.05125
1.7 -0.0171674 0.300666 -3.14574
1.71 -0.0141608 0.269208 -3.2038
1.72 -0.0114687 0.23717 -3.2099
1.73 -0.009097 0.205071 -3.15341
1.74 -0.00704628 0.173537 -3.02872
1.75 -0.00531091 0.14325 -2.83556
1.76 -0.00387841 0.114894 -2.5792
1.77 -0.00272947 0.0891023 -2.27025
1.78 -0.00183845 0.0663998 -1.92406
1.79 -0.00117445 0.0471592 -1.55953
1.8 -0.000702855 0.0315639 -1.19755
1.81 -0.000387216 0.0195884 -0.859045
1.82 -0.000191332 0.010998 -0.563104
1.83 -8.1352e-05 0.00536694 -0.324924
1.84 -2.76826e-05 0.0021177 -0.153788
1.85 -6.50559e-06 0.000579816 -0.0509074
1.86 -7.07423e-07 7.07423e-05 -0.00707423
1.87 0 0 0
1.88 0 0 0
1.89 0 0 0
1.9 0 0 0
1.91 0 0 0
1.92 0 0 0
1.93 0 0 0
1.94 0 0 0
1.95 0 0 0
1.96 0 0 0
1.97 0 0 0
1.98 0 0 0
1.99 0 0 0
2 0 0 0
2.01 0 0 0
2.02 0 0 0
2.03 0 0 0
2.04 0 0 0
2.05 0 0 0
2.06 0 0 0
2.07 0 0 0
2.08 0 0 0
2.09 0 0 0
2.1 0 0 0
2.11 0 0 0
2.12 0 0 0
2.13 0 0 0
2.14 0 0 0
2.15 0 0 0
2.16 0 0 0
2.17 0 0 0
2.18 0 0 0
2.19 0 0 0
2.2 0 0 0
2.21 0 0 0
2.22 0 0 0
2.23 0 0 0
2.24 0 0 0
2.25 0 0 0
2.26 0 0 0
2.27 0 0 0
2.28 0 0 0
2.29 0 0 0
2.3 0 0 0
2.31 0 0 0
2.32 0 0 0
2.33 0 0 0
2.34 0 0 0
2.35 0 0 0
2.36 0 0 0
2.37 0 0 0
2.38 0 0 0
2.39 0 0 0
2.4 0 0 0
2.41 0 0 0
2.42 0 0 0
2.43 0 0 0
2.44 0 0 0
2.45 0 0 0
2.46 0 0 0
